pF = [0.886309;0.463088;0.00248117]
pFPix = [357;186;1]
