RP = [[368.72,249.066,1],[368.222,249.421,1],[419.229,272.789,1],[417.279,270.296,1],[417.797,270.561,1],[419.687,272.303,1],[419.79,271.962,1],[420.453,272.54,1],[421.047,272.86,1],[421.81,273.18,1],[363.986,306.656,1],[365.077,307.638,1],[367.125,319.112,1],[331.923,315.49,1],[330.651,315.988,1],[330.624,317.323,1],[329.885,317.53,1],[331.493,321.557,1],[326.408,324.283,1],[380.672,336.16,1],[381.391,337.58,1],[383.452,340.839,1],[386.362,345.47,1],[387.699,349.991,1],[389.061,352.635,1];
[344.792,239.882,1],[345.117,240.703,1],[385.794,247.078,1],[386.493,255.762,1],[377.096,249.92,1],[378.557,250.348,1],[380.507,252.226,1],[381.68,253.015,1],[382.951,252.779,1],[383.321,253.144,1],[353.381,286.349,1],[354.563,290.313,1],[409.478,300.329,1],[410.931,299.954,1],[413.569,302.238,1],[415.044,303.816,1],[459.523,319.075,1],[459.941,318.99,1],[460.75,318.931,1],[326.187,325.278,1],[325.789,326.215,1],[325.124,326.279,1],[325.603,327.146,1],[325.364,328.011,1],[325.73,328.389,1];
[308.595,195.677,1],[348.541,208.236,1],[371.419,248.709,1],[387.513,248.385,1],[296.347,241.598,1],[345.439,242.01,1],[345.453,241.497,1],[345.489,241.083,1],[345.762,241.176,1],[346.045,240.683,1],[422.606,273.456,1],[423.721,275.397,1],[362.912,302.632,1],[369.402,316.354,1],[370.62,317.53,1],[372.408,322.533,1],[415.312,304.05,1],[375.322,326.912,1],[377.51,330.549,1],[461.294,319.114,1],[462.053,319.263,1],[462.61,319.453,1],[463.567,319.144,1],[238.49,290.097,1],[237.276,289.951,1];
[331.295,159.701,1],[306.81,195.071,1],[345.218,240.559,1],[298.573,243.599,1],[345.383,241.838,1],[295.746,241.906,1],[294.939,241.944,1],[294.301,241.65,1],[289.691,245.403,1],[288.915,247.399,1],[384.155,254.3,1],[394.195,257.15,1],[424.277,275.283,1],[357.512,290.365,1],[426.827,279.707,1],[427.272,280.929,1],[373.801,324.507,1],[423.847,295.954,1],[424.82,297.124,1],[425.905,299.265,1],[242.479,290.806,1],[240.65,289.83,1],[238.679,289.019,1],[430.087,300.338,1],[431.921,302.237,1];
[3.237e-43,0,1],[330.675,159.104,1],[347.97,207.105,1],[368.763,246.871,1],[343.236,202.234,1],[343.517,202.063,1],[343.455,201.648,1],[349.071,205.797,1],[335.917,195.294,1],[282.757,191.967,1],[346.333,240.427,1],[371.914,252.545,1],[385.145,254.263,1],[425.133,275.978,1],[394.374,254.977,1],[395.132,256.255,1],[428.335,283.99,1],[397.495,258.201,1],[374.489,255.365,1],[400.564,261.468,1],[426.852,299.294,1],[401.246,267.152,1],[428.049,298.088,1],[286.265,262.844,1],[281.248,261.579,1];
]