pF = [0.791474;0.611197;0.00249927]
pFPix = [316;244;1]
