pF = [0.787846;0.615867;0.0024374]
pFPix = [323;252;1]
