RP = [[531.398,378.189,1],[535.765,385.071,1],[541.234,393.371,1],[547.014,401.787,1],[553.858,411.86,1],[561.282,422.751,1],[2.0527,436.103,1],[579.468,449.331,1],[590.768,465.889,1],[736.726,481.647,1];
[627.611,379.083,1],[636.385,386.058,1],[647.206,394.567,1],[658.51,403.16,1],[671.756,413.193,1],[686.224,424.142,1],[569.712,434.946,1],[717.53,451.67,1],[230.077,463.053,1],[598.354,477.208,1];
[304.191,375.779,1],[298.127,382.864,1],[291.122,391.207,1],[283.928,399.674,1],[275.331,409.551,1],[266.224,420.279,1],[702.427,436.463,1],[243.714,446.82,1],[727.471,469.885,1],[216.41,478.238,1];
[103.848,378.019,1],[88.1936,385.237,1],[69.7934,393.852,1],[50.7306,402.572,1],[27.9348,412.828,1],[13.1969,423.7,1],[255.813,432.565,1],[116.611,465.089,1],[100.787,474.476,1],[94.4248,476.143,1];
[219.372,388.385,1],[208.698,395.814,1],[196.18,404.724,1],[183.746,413.643,1],[169.104,424.273,1],[153.589,436.018,1],[136.336,449.512,1],[400.066,443.492,1],[398.141,456.386,1],[396.066,465.541,1];
[409.651,373.811,1],[408.458,380.688,1],[407.429,388.847,1],[406.335,397.105,1],[404.94,406.915,1],[403.452,417.44,1],[401.891,429.4,1],[243.542,265.943,1],[229.755,268.885,1],[215.784,271.905,1];
[304.194,253.867,1],[298.064,255.042,1],[291.127,256.61,1],[284.053,258.027,1],[746.573,443.82,1],[266.007,261.344,1],[255.706,263.462,1],[407.158,267.411,1],[405.681,270.484,1],[404.45,273.648,1];
[414.426,254.913,1],[413.342,256.238,1],[412.451,257.8,1],[411.674,259.284,1],[275.336,259.684,1],[409.566,262.806,1],[8.35072,277.028,1],[579.343,265.488,1],[590.743,268.215,1],[602.781,271.256,1];
[531.073,253.538,1],[535.42,254.664,1],[540.947,256.298,1],[546.795,257.67,1],[410.594,261.016,1],[561.073,261.086,1],[408.501,264.871,1],[96.3168,272.844,1],[71.3785,276.307,1],[46.0559,279.802,1];
[205.234,258.399,1],[194.366,259.86,1],[181.813,261.675,1],[169.017,263.391,1],[553.634,259.295,1],[136.586,267.457,1],[569.538,263.008,1],[717.865,267.553,1],[738.419,270.567,1],[404.169,41.5695,1];
[624.965,254.784,1],[633.825,256.187,1],[644.623,257.748,1],[655.878,259.313,1],[153.527,265.384,1],[683.265,262.862,1],[118.087,269.864,1],[407.101,66.2198,1],[405.191,54.1432,1],[737.712,49.3071,1];
[104.054,260.767,1],[88.251,262.32,1],[69.9497,264.288,1],[51.0019,266.09,1],[668.989,260.984,1],[17.8505,269.432,1],[699.354,264.883,1],[718.568,66.7591,1],[728.915,58.3075,1],[39.2411,38.7128,1];
[414.455,119.177,1],[413.633,114.185,1],[412.097,108.407,1],[411.604,102.059,1],[30.5223,267.562,1],[409.122,86.1316,1],[408.128,76.9128,1],[89.9509,63.1714,1],[64.6856,51.0045,1],[608.084,46.9262,1];
[627.649,118.332,1],[636.521,113.311,1],[647.316,107.359,1],[658.68,101.027,1],[747.12,218.38,1],[686.346,85.3683,1],[702.698,76.3369,1],[4.97912,62.6163,1],[595.6,58.163,1],[215.843,45.1114,1];
[201.385,117.513,1],[190.423,112.371,1],[177.74,106.416,1],[164.414,99.7979,1],[410.333,94.3726,1],[131.319,83.4598,1],[112.142,74.0088,1],[584.109,69.7113,1],[229.29,52.8942,1],[1.79366e-43,0,1];
[534.362,120.988,1],[538.897,116.159,1],[544.507,110.541,1],[550.635,104.298,1],[671.887,93.4783,1],[565.337,88.7872,1],[574.084,79.9463,1],[243.145,65.0501,1],[0,0,1],[0,0,1];
[304.123,118.579,1],[297.961,113.467,1],[290.934,107.553,1],[283.78,101.144,1],[148.468,92.0403,1],[265.792,85.2347,1],[255.374,75.8978,1],[0,0,1],[0,0,1],[0,0,1];
[105.112,115.001,1],[89.4093,109.694,1],[71.0232,103.539,1],[52.3222,96.7979,1],[557.605,96.8124,1],[27.3851,81.2209,1],[16.8555,72.5872,1],[0,0,1],[0,0,1],[0,0,1];
]