RP = [[0,0,1],[636.653,58.5,1],[635.954,60,1],[635.771,60.9375,1],[635.76,60.56,1],[635.761,61.5,1],[634.835,63.3809,1],[632.637,64.1187,1],[573.712,6.28787,1],[578.063,12.5027,1],[565.399,17.1,1],[63.1649,13.3369,1],[59.1904,11.0952,1],[48.1689,1.68,1],[49.7375,2.28084,1],[50.9959,2.75869,1],[52.2705,3.26527,1],[54.0867,4.43498,1],[56.1339,5.39174,1],[57.6549,6.09711,1],[59.8736,6.80793,1],[61.138,6.96777,1],[62.4398,7.56956,1],[64.1837,8.45125,1],[65.6966,9.59692,1],[66.6416,11.1561,1],[68.0488,12.3923,1],[70.6756,14.1659,1],[71.1389,16.1823,1],[69.5,12,1],[159.364,8.01653,1],[161.193,8.94225,1],[161.264,10.7709,1],[153.273,1.94444,1],[164.344,12.6876,1],[161.64,9.47892,1],[159.976,11.9762,1],
[0,0,1],[636.333,466,1],[636.666,411,1],[635.87,408.5,1],[635.783,406.05,1],[635.758,405.403,1],[636.027,223.139,1],[635.925,223.075,1],[581,11,1],[2.06472,34.945,1],[576.425,13.77,1],[573.75,16.8679,1],[61.1724,16.5675,1],[601.405,1.65873,1],[600.296,2.17249,1],[599.058,2.66838,1],[597.728,3.16239,1],[68.9645,20.0571,1],[595.163,5.14535,1],[144.5,1.45652,1],[146.82,1.83333,1],[148.395,2.52794,1],[149.569,3.07407,1],[151.108,3.7112,1],[152.82,4.75613,1],[154.214,5.6918,1],[155.523,6.62396,1],[156.325,6.79982,1],[157.48,7.1556,1],[76,15.5,1],
[0,0,1],[0,0,1],[635.937,464,1],[635.889,463,1],[635.966,460.5,1],[0,0,1],[635.714,405,1],[635.78,404.5,1],[630.551,67.5641,1],[627.532,66.6626,1],[2.94857,37.9257,1],[3.96045,38.911,1],[570.673,18.1179,1],[62.6189,17.9223,1],[64.2065,18.1227,1],[65.7565,17.9593,1],[67.5177,18.9596,1],[171.784,11.902,1],[70.1704,21.6185,1],[71.3057,22.6013,1],[350.524,1.63809,1],[280.966,6.8855,1],[280.543,9.20243,1],[354.637,4.21123,1],[353.798,4.74607,1],[276.311,1.38889,1],[276.861,1.93055,1],[241,1.46154,1],
[0,0,1],[0,0,1],[0,0,1],[0,0,1],[0,0,1],[0,0,1],[0,0,1],[0,0,1],[635.906,222.094,1],[636.55,223,1],[626.651,67.8152,1],[636.444,41.365,1],[4.99212,40.1622,1],[569.333,19.5516,1],[94.75,30,1],[495.62,10.6202,1],[492.681,10.5452,1],[169.648,19.7003,1],[170.958,18.8561,1],[172.695,18.5775,1],[72.8228,23.5285,1],[354.709,2.21029,1],[354.435,3.20712,1],
[0,0,1],[0,0,1],[0,0,1],[0,0,1],[0,0,1],[0,0,1],[0,0,1],[0,0,1],[635.85,403,1],[636.073,402.5,1],[636.105,169.605,1],[36.4861,80.4166,1],[636.25,36.9666,1],[6.10128,41.8722,1],[567.9,20.5442,1],[8.225,45.7125,1],[9.53447,46.4809,1],[489.478,12.1908,1],[489.296,12.7324,1],[246.5,12,1],[173.55,19.593,1],[591.008,7.2575,1],
[0,0,1],[0,0,1],[0,0,1],[0,0,1],[0,0,1],[0,0,1],[0,0,1],[0,0,1],[0,0,1],[0,0,1],[16.5,470,1],[622.232,70.0862,1],[11.2525,55.7474,1],[635.631,37.1362,1],[7.32079,43.5708,1],[96.5644,37.2659,1],[16.5735,59.897,1],
[0,0,1],[0,0,1],[0,0,1],[0,0,1],[0,0,1],[0,0,1],[0,0,1],
[0,0,1],[0,0,1],[0,0,1],[0,0,1],
[0,0,1],[0,0,1],[0,0,1],[0,0,1],
[0,0,1],[0,0,1],[0,0,1],[0,0,1],
[0,0,1],[0,0,1],[0,0,1],[0,0,1],
[0,0,1],[0,0,1],[0,0,1],[0,0,1],[0,0,1],[0,0,1],[0,0,1],[0,0,1],
[0,0,1],[0,0,1],[0,0,1],[0,0,1],
[0,0,1],[0,0,1],[0,0,1],[0,0,1],[0,0,1],[0,0,1],[0,0,1],[0,0,1],[0,0,1],[0,0,1],[0,0,1],[0,0,1],[18.1785,467.126,1],[634.542,172.922,1],[7.33333,115.017,1],[615.744,72.9377,1],[10.4204,116.458,1],[118.649,57,1],[125.121,66.0666,1],[526.415,34.4172,1],[218,37,1],[99.8932,48.4647,1],[172.428,46.2805,1],[215.623,42.7122,1],[23.59,54.7624,1],[482.892,21.1308,1],[482.014,22.3178,1],[416.564,29.2685,1],[415.936,30.6624,1],[251.059,29.314,1],
[0,0,1],[0,0,1],[0,0,1],[0,0,1],[0,0,1],[0,0,1],[0,0,1],[0,0,1],[0,0,1],[0,0,1],[0,0,1],[0,0,1],[0,0,1],[3.0119,414.661,1],[633.231,170.769,1],[8.75123,116.088,1],[41.0986,131.699,1],[115.244,66.9107,1],[510.161,67.3055,1],[561.26,26.0084,1],[170.94,45.9425,1],
[0,0,1],[0,0,1],[0,0,1],[0,0,1],[0,0,1],[0,0,1],[0,0,1],[0,0,1],[0,0,1],[0,0,1],[0,0,1],[0,0,1],[0,0,1],[621,448.25,1],[9.26797,193.98,1],[589.498,125.409,1],[586.472,125.492,1],[125.691,62.3089,1],[53.1739,82.8087,1],[631.039,43.772,1],
[0,0,1],[0,0,1],[0,0,1],[0,0,1],[0,0,1],[0,0,1],[0,0,1],[0,0,1],[0,0,1],[0,0,1],[0,0,1],[0,0,1],[0,0,1],[20.7949,464.594,1],[1.43011,376.247,1],[636.266,122.213,1],[635.779,115.892,1],[51.658,81.8247,1],
[0,0,1],[0,0,1],[0,0,1],[0,0,1],[0,0,1],[0,0,1],[0,0,1],[0,0,1],[0,0,1],[0,0,1],
[0,0,1],[0,0,1],[0,0,1],[0,0,1],[0,0,1],[0,0,1],[0,0,1],
[0,0,1],[0,0,1],[0,0,1],[0,0,1],[0,0,1],
[0,0,1],[0,0,1],[0,0,1],[0,0,1],[0,0,1],[0,0,1],[0,0,1],[0,0,1],[0,0,1],[0,0,1],[0,0,1],[0,0,1],[0,0,1],[0,0,1],[4.24138,413.525,1],[8.52941,194.118,1],[629.496,175.719,1],[78.9999,108.5,1],[106.238,103.107,1],[609.52,76.1758,1],[56.3081,84.4219,1],[628.327,46.1558,1],[126.598,66.7731,1],
[0,0,1],[0,0,1],[0,0,1],[0,0,1],[0,0,1],[0,0,1],[0,0,1],[0,0,1],[0,0,1],[0,0,1],[0,0,1],[0,0,1],[0,0,1],[0,0,1],[22.3672,463.529,1],[621,219.5,1],[619.939,223.659,1],[86,107.5,1],[110.62,110.62,1],[15.748,118.457,1],[506.731,69.5977,1],[125.399,66.0121,1],[58.9415,86.0536,1],[373,48,1],
[0,0,1],[0,0,1],[0,0,1],[0,0,1],[0,0,1],[0,0,1],[0,0,1],[0,0,1],[0,0,1],[0,0,1],[0,0,1],[0,0,1],[0,0,1],[0,0,1],[615.55,450.419,1],[621.5,227,1],[2,240.5,1],[634.994,116.452,1],[540.906,115.21,1],[85.1947,108.716,1],[143.459,90.9371,1],
[0,0,1],[0,0,1],[0,0,1],[0,0,1],[0,0,1],[0,0,1],[0,0,1],[0,0,1],[0,0,1],[0,0,1],[0,0,1],[0,0,1],[0,0,1],[0,0,1],[0,0,1],[7,248,1],[6.17534,249.526,1],
[0,0,1],[0,0,1],[0,0,1],[0,0,1],[0,0,1],[0,0,1],[0,0,1],[0,0,1],[0,0,1],[0,0,1],[0,0,1],[0,0,1],[0,0,1],
[0,0,1],[0,0,1],[0,0,1],[0,0,1],[0,0,1],
[0,0,1],[0,0,1],[0,0,1],[0,0,1],
[0,0,1],[0,0,1],[0,0,1],[0,0,1],
[0,0,1],[0,0,1],[0,0,1],[0,0,1],[0,0,1],[0,0,1],[0,0,1],[0,0,1],[0,0,1],[0,0,1],[0,0,1],[0,0,1],[0,0,1],[0,0,1],[0,0,1],[618.091,407.167,1],[55,417,1],[601.728,188.362,1],[68.552,152.687,1],[2.29598,146.023,1],[86.7552,109.045,1],[140.421,102.258,1],[1.43137,110,1],
[0,0,1],[0,0,1],[0,0,1],[0,0,1],[0,0,1],[0,0,1],[0,0,1],[0,0,1],[0,0,1],[0,0,1],[0,0,1],[0,0,1],[0,0,1],[0,0,1],[0,0,1],[24.3466,459.492,1],[52.2552,427.393,1],[628.011,176.417,1],[20.6326,188.384,1],[44.1464,141.592,1],[110.766,108.925,1],[493.865,92.4173,1],[20.4835,120.746,1],[557.237,78.5614,1],[454.288,91.3714,1],
[0,0,1],[0,0,1],[0,0,1],[0,0,1],[0,0,1],[0,0,1],[0,0,1],[0,0,1],[0,0,1],[0,0,1],[0,0,1],[0,0,1],[0,0,1],[0,0,1],[0,0,1],[613.648,448.343,1],[25.6593,457.052,1],[617.922,223.944,1],[598.56,189.177,1],[76.2606,141.358,1],[149,99.4999,1],[19.0091,120.13,1],[89.4416,110.166,1],[603.522,79.8725,1],
[0,0,1],[0,0,1],[0,0,1],[0,0,1],[0,0,1],[0,0,1],[0,0,1],[0,0,1],[0,0,1],[0,0,1],[0,0,1],[0,0,1],[0,0,1],[0,0,1],[0,0,1],[0,0,1],[611.733,447.126,1],[6.53419,246.88,1],[626.114,175.87,1],[70.2691,154.209,1],[535.25,117.824,1],[87.9945,109.785,1],[112.702,110.461,1],
[0,0,1],[0,0,1],[0,0,1],[0,0,1],[0,0,1],[0,0,1],[0,0,1],[0,0,1],[0,0,1],[0,0,1],[0,0,1],[0,0,1],[0,0,1],[0,0,1],[0,0,1],[0,0,1],
[0,0,1],[0,0,1],[0,0,1],[0,0,1],[0,0,1],[0,0,1],[0,0,1],[0,0,1],[0,0,1],[0,0,1],[0,0,1],
[0,0,1],[0,0,1],[0,0,1],[0,0,1],
[0,0,1],[0,0,1],[0,0,1],[0,0,1],[0,0,1],[0,0,1],
[0,0,1],[0,0,1],[0,0,1],[0,0,1],[0,0,1],[0,0,1],[0,0,1],[0,0,1],[0,0,1],[0,0,1],[0,0,1],[0,0,1],[0,0,1],[0,0,1],[0,0,1],[0,0,1],[0,0,1],[8.95278,405.351,1],[41.0385,241.231,1],[53.2089,203.622,1],[579.927,127.811,1],[46.8141,142.842,1],[4.96831,149.176,1],[446.176,91.8812,1],[402.5,90.9999,1],[600.661,81.9421,1],[401.8,87.9278,1],[597.544,83.5021,1],[6.83758,120.89,1],[594.444,85.601,1],[10.38,123.72,1],[591.507,87.2578,1],
[0,0,1],[0,0,1],[0,0,1],[0,0,1],[0,0,1],[0,0,1],[0,0,1],[0,0,1],[0,0,1],[0,0,1],[0,0,1],[0,0,1],[0,0,1],[0,0,1],[0,0,1],[0,0,1],[0,0,1],[613.119,395.862,1],[601.215,272.43,1],[577,214.25,1],[77.0066,148.901,1],[578.24,128.403,1],[48.1376,143.787,1],[194.167,102,1],[491.755,94.9791,1],
[0,0,1],[0,0,1],[0,0,1],[0,0,1],[0,0,1],[0,0,1],[0,0,1],[0,0,1],[0,0,1],[0,0,1],[0,0,1],[0,0,1],[0,0,1],[0,0,1],[0,0,1],[0,0,1],[0,0,1],[55.5956,423.948,1],[31.8963,313.704,1],[45.8349,231.994,1],[551.282,158.103,1],[78.1854,150.106,1],[576.898,128.869,1],[492.481,94.0905,1],[556.135,79.5313,1],
