RP = [[368.72,249.066,1],[368.222,249.421,1],[419.229,272.789,1],[417.279,270.296,1],[417.797,270.561,1],[419.687,272.303,1],[419.79,271.962,1],[420.453,272.54,1],[421.047,272.86,1],[421.81,273.18,1],[363.986,306.656,1],[365.077,307.638,1],[367.125,319.112,1],[331.923,315.49,1],[330.651,315.988,1],[330.624,317.323,1],[329.885,317.53,1],[331.493,321.557,1],[326.408,324.283,1],[380.672,336.16,1],[381.391,337.58,1],[383.452,340.839,1],[386.362,345.47,1],[387.699,349.991,1],[389.061,352.635,1],[371.222,373.931,1],[373.057,375.061,1],[373.439,376.207,1],[375.826,378.473,1],[373.48,383.185,1],[372.96,384.116,1],[373.358,385.252,1],[373.007,385.717,1],[373.246,387.295,1],[373.509,387.857,1],[373.802,388.468,1],[374.608,389.386,1],[418.311,425,1],[418.436,426.574,1],[418.611,427.274,1],[419.174,428.526,1],[420.507,429.305,1],[426.72,443.878,1],[423.728,443.523,1],[428.728,445.513,1],[423.715,434.112,1],[423.35,445.333,1],[424.143,447.101,1],[457.142,449.584,1],[434.69,445.91,1],[436.487,447.402,1],[437.81,448.792,1],[436.958,450.309,1],[449.554,458.584,1],[436.696,451.278,1],[447.669,459.755,1],[475.101,467.954,1],[475.921,469.405,1],[476.793,470.162,1],[477.412,471.595,1],[377.363,464.344,1],[378.164,466.088,1],[377.933,467.093,1],[376.827,467.879,1],[376.149,468.526,1],[375.012,468.935,1],[373.304,469.92,1],[372.418,470.615,1],[371.39,471.431,1],[370.917,471.654,1],[367.948,472.209,1],[366.635,472.708,1],[365.259,473.691,1],[365.675,473.668,1],[365.544,473.927,1],[365.613,474.147,1],[364.28,475.116,1],[275.968,460.878,1],[276.302,462.211,1],[276.055,462.717,1],[275.761,463.514,1],[275.324,464.808,1],[274.423,465.478,1],[272.86,465.641,1],[264.985,468.594,1],[271.869,466.271,1],[270.899,466.796,1],[225.794,472.654,1],[224.676,473.214,1],[222.518,473.407,1],[256.628,470.218,1],[256.079,470.663,1],[255.137,470.573,1],[618.5,463.338,1],[619.697,463.583,1],[621.221,465.213,1],[622.429,465.838,1],[138.095,458.607,1],[136.868,459.005,1],[136.114,460.367,1];
[344.792,239.882,1],[345.117,240.703,1],[385.794,247.078,1],[386.493,255.762,1],[377.096,249.92,1],[378.557,250.348,1],[380.507,252.226,1],[381.68,253.015,1],[382.951,252.779,1],[383.321,253.144,1],[353.381,286.349,1],[354.563,290.313,1],[409.478,300.329,1],[410.931,299.954,1],[413.569,302.238,1],[415.044,303.816,1],[459.523,319.075,1],[459.941,318.99,1],[460.75,318.931,1],[326.187,325.278,1],[325.789,326.215,1],[325.124,326.279,1],[325.603,327.146,1],[325.364,328.011,1],[325.73,328.389,1],[390.834,355.458,1],[391.789,356.812,1],[397.568,362.126,1],[459.751,354.705,1],[460.98,356.734,1],[492.855,370.458,1],[407.753,379.465,1],[410.827,382.923,1],[413.42,387.502,1],[415.768,391.308,1],[417.645,394.184,1],[419.591,398.354,1],[426.151,406.805,1],[427.369,408.678,1],[430.256,412.12,1],[432.296,415.33,1],[436.504,418.928,1],[422.129,431.353,1],[423.022,432.448,1],[423.796,433.687,1],[439.9,439.216,1],[424.387,435.183,1],[459.48,443.569,1],[425.379,443.178,1],[465.898,451.582,1],[326.774,420.297,1],[326.251,421.3,1],[325.609,422.889,1],[427.46,441.065,1],[325.347,424.125,1],[426.156,441.085,1],[427.739,449.832,1],[374.833,460.461,1],[375.823,461.794,1],[377.3,463.408,1],[429.684,458.329,1],[430.387,459.32,1],[432.076,460.551,1],[433.109,461.682,1],[434.669,462.692,1],[436.952,463.662,1],[439.376,465.174,1],[533.756,465.132,1],[543.281,466.366,1],[535.452,467.048,1],[545.681,468.892,1],[546.955,470.342,1],[277.994,455.787,1],[276.779,456.395,1],[276.635,457.175,1],[276.694,458.189,1],[276.099,459.695,1],[181.324,430.817,1],[180.997,432.052,1],[180.047,432.351,1],[178.041,435.73,1],[177.667,437.467,1],[604.923,462.424,1],[606.055,462.204,1],[279.151,464.008,1],[608.517,462.524,1],[609.955,461.805,1],[259.732,469.792,1],[259.176,469.898,1],[257.962,469.722,1],[274.643,465.915,1],[274.592,466.609,1],[270.19,465.244,1],[170.78,447.904,1],[170.405,448.627,1],[139.476,455.786,1],[138.507,457.19,1],[168.772,450.911,1],[167.943,450.776,1],[167.825,451.748,1];
[308.595,195.677,1],[348.541,208.236,1],[371.419,248.709,1],[387.513,248.385,1],[296.347,241.598,1],[345.439,242.01,1],[345.453,241.497,1],[345.489,241.083,1],[345.762,241.176,1],[346.045,240.683,1],[422.606,273.456,1],[423.721,275.397,1],[362.912,302.632,1],[369.402,316.354,1],[370.62,317.53,1],[372.408,322.533,1],[415.312,304.05,1],[375.322,326.912,1],[377.51,330.549,1],[461.294,319.114,1],[462.053,319.263,1],[462.61,319.453,1],[463.567,319.144,1],[238.49,290.097,1],[237.276,289.951,1],[325.514,329.083,1],[325.761,328.861,1],[326.34,329.289,1],[401.712,367.565,1],[403.692,371.726,1],[459.108,355.322,1],[282.638,355.687,1],[281.802,355.746,1],[280.236,356.52,1],[279.703,356.896,1],[279.056,357.368,1],[471.887,369.787,1],[374.355,389.555,1],[374.745,390.805,1],[374.908,391.209,1],[375.253,391.966,1],[376.221,392.115,1],[440.361,423.937,1],[442.992,427.027,1],[446.377,431.539,1],[326.622,410.969,1],[452.571,439.443,1],[437.6,440.275,1],[462.144,446.775,1],[327.351,418.016,1],[373.111,402.903,1],[509.491,431.079,1],[376.32,405.245,1],[325.377,423.642,1],[513.921,437.423,1],[324.943,424.989,1],[517.777,443.02,1],[429.478,456.63,1],[429.867,457.21,1],[429.959,457.92,1],[420.083,441.114,1],[525.273,453.34,1],[526.49,454.79,1],[527.511,456.301,1],[277.955,442.512,1],[530.524,460.351,1],[532.112,462.901,1],[542.939,466.217,1],[534.252,465.739,1],[544.283,467.133,1],[279.208,449.829,1],[277.88,452.936,1],[323.273,443.742,1],[324.393,443.8,1],[324.831,444.294,1],[326.07,445.103,1],[180.964,429.291,1],[583.551,443.558,1],[584.815,443.534,1],[585.648,444.25,1],[586.807,444.194,1],[588.169,445.991,1],[176.697,438.396,1],[176.62,439.673,1],[607.335,462.137,1],[175.452,441.349,1],[174.736,442.518,1],[276.939,465.667,1],[277.459,465.847,1],[276.321,465.71,1],[615.109,463.569,1],[616.347,463.278,1],[617.378,463.416,1],[76.5824,420.709,1],[76.024,421.656,1],[169.594,449.136,1],[169.059,450.058,1],[72.9931,424.625,1],[72.2479,424.974,1],[71.8735,426.23,1];
[331.295,159.701,1],[306.81,195.071,1],[345.218,240.559,1],[298.573,243.599,1],[345.383,241.838,1],[295.746,241.906,1],[294.939,241.944,1],[294.301,241.65,1],[289.691,245.403,1],[288.915,247.399,1],[384.155,254.3,1],[394.195,257.15,1],[424.277,275.283,1],[357.512,290.365,1],[426.827,279.707,1],[427.272,280.929,1],[373.801,324.507,1],[423.847,295.954,1],[424.82,297.124,1],[425.905,299.265,1],[242.479,290.806,1],[240.65,289.83,1],[238.679,289.019,1],[430.087,300.338,1],[431.921,302.237,1],[465.888,322.836,1],[466.29,319.879,1],[467.094,323.242,1],[327.149,329.109,1],[327.154,329.33,1],[405.269,373.626,1],[460.05,356.173,1],[462.134,358.453,1],[464.748,362.208,1],[464.997,361.788,1],[487.849,362.779,1],[279.564,358.448,1],[272.052,369.261,1],[471.889,368.305,1],[472.714,368.988,1],[474.135,370.759,1],[275.139,367.156,1],[376.765,393.156,1],[328.484,410.063,1],[327.563,410.73,1],[377.129,394.475,1],[327.662,412.361,1],[327.36,413.873,1],[327.444,414.693,1],[373.837,402.583,1],[534.42,396.679,1],[374.298,403.541,1],[229.517,392.739,1],[377.712,405.912,1],[376.655,405.927,1],[515.811,440.371,1],[324.752,425.603,1],[425.029,441.598,1],[422.408,441.171,1],[421.213,441.169,1],[523.698,451.093,1],[531.525,449.012,1],[534.17,453.236,1],[535.941,456.138,1],[528.804,457.986,1],[538.335,458.746,1],[540.819,463.324,1],[279.054,446.895,1],[279.074,448.279,1],[278.408,448.732,1],[321.974,441.004,1],[323.122,442.191,1],[184.419,426.025,1],[183.021,426.174,1],[182.733,426.919,1],[181.521,427.579,1],[582.478,443.167,1],[218.047,416.834,1],[215.42,422.226,1],[213.596,421.575,1],[213.577,421.962,1],[213.644,423.164,1],[589.115,446.796,1],[590.374,447.156,1],[175.999,440.235,1],[593.495,445.379,1],[594.552,446.852,1],[611.255,462.32,1],[612.333,462.761,1],[613.417,461.778,1],[172.62,446.056,1],[172.066,446.994,1],[171.514,447.47,1],[19.4603,374.859,1],[18.8843,375.819,1],[74.6246,422.382,1],[73.6837,423.514,1],[12.9593,382.737,1],[627.871,357.67,1],[629.345,358.297,1];
