RP = [[0,0,1],[0,0,1],[0,0,1],[0,0,1],[0,0,1],[0,0,1],[0,0,1],[0,0,1],[0,0,1],[0,0,1],[0,0,1],[0,0,1],[0,0,1],[0,0,1],[0,0,1],[0,0,1],[334,215,1],[338.079,204.105,1],[328.9,218,1],[333.573,209.201,1],[331.448,209.687,1],[328.139,212.327,1],[330.715,210,1],[330.719,208.65,1],[636.146,141.907,1],
[0,0,1],[0,0,1],[0,0,1],[0,0,1],[0,0,1],[0,0,1],[0,0,1],[0,0,1],[0,0,1],[0,0,1],[0,0,1],[0,0,1],[0,0,1],[0,0,1],[0,0,1],[0,0,1],[367.924,236.15,1],[337,214,1],[336.747,207.608,1],[366.727,240.024,1],[369.621,239.399,1],[358.472,249.339,1],[431.643,219.809,1],[391.462,208.573,1],
[0,0,1],[0,0,1],[0,0,1],[0,0,1],[0,0,1],[0,0,1],[0,0,1],[0,0,1],[0,0,1],[0,0,1],[0,0,1],[0,0,1],[0,0,1],[0,0,1],[0,0,1],[0,0,1],[0,0,1],[368.651,240.087,1],[367.362,237.189,1],[0,0,1],[363.091,250.598,1],[368.627,239.139,1],[364.928,246.182,1],
[0,0,1],[0,0,1],[0,0,1],[0,0,1],[0,0,1],[0,0,1],
[0,0,1],[0,0,1],[0,0,1],[0,0,1],[0,0,1],[0,0,1],[0,0,1],[0,0,1],[0,0,1],[0,0,1],[0,0,1],[0,0,1],[0,0,1],[0,0,1],[0,0,1],[0,0,1],[0,0,1],[0,0,1],[0,0,1],[0,0,1],[0,0,1],[0,0,1],[0,0,1],[399.73,270.576,1],[366.438,243.544,1],
[0,0,1],[0,0,1],[0,0,1],[0,0,1],[0,0,1],[0,0,1],[0,0,1],[0,0,1],[0,0,1],[0,0,1],[0,0,1],[0,0,1],[0,0,1],[0,0,1],[0,0,1],[0,0,1],[0,0,1],[0,0,1],[0,0,1],[0,0,1],[0,0,1],[0,0,1],[0,0,1],[350.047,289.036,1],[450.278,254.555,1],
[0,0,1],[0,0,1],[0,0,1],[0,0,1],[0,0,1],[0,0,1],[0,0,1],[0,0,1],[0,0,1],[0,0,1],[0,0,1],[0,0,1],[0,0,1],[0,0,1],[0,0,1],[0,0,1],[0,0,1],[0,0,1],[0,0,1],[0,0,1],[0,0,1],[0,0,1],[0,0,1],[349.106,298.954,1],
[0,0,1],[0,0,1],[0,0,1],[0,0,1],[0,0,1],[0,0,1],[0,0,1],[0,0,1],[0,0,1],[0,0,1],[0,0,1],[0,0,1],[0,0,1],[0,0,1],[0,0,1],[0,0,1],[0,0,1],[0,0,1],[0,0,1],[0,0,1],[0,0,1],[0,0,1],[0,0,1],[357.146,295.146,1],[399.252,269.926,1],
[0,0,1],[0,0,1],[0,0,1],[0,0,1],[0,0,1],[0,0,1],[0,0,1],[0,0,1],[0,0,1],[0,0,1],[0,0,1],[0,0,1],[0,0,1],[0,0,1],[0,0,1],[0,0,1],[0,0,1],[0,0,1],[0,0,1],[0,0,1],[0,0,1],[0,0,1],[0,0,1],[0,0,1],[303.118,277.796,1],
[0,0,1],[0,0,1],[0,0,1],[0,0,1],[0,0,1],[0,0,1],[0,0,1],[0,0,1],[0,0,1],[0,0,1],[0,0,1],[0,0,1],[0,0,1],[0,0,1],[0,0,1],[0,0,1],[0,0,1],[0,0,1],[0,0,1],[0,0,1],[0,0,1],[0,0,1],[0,0,1],[0,0,1],
[0,0,1],[0,0,1],[0,0,1],[0,0,1],[0,0,1],[0,0,1],[0,0,1],[0,0,1],[0,0,1],[0,0,1],[0,0,1],[0,0,1],[0,0,1],[0,0,1],[0,0,1],[0,0,1],[0,0,1],[0,0,1],[0,0,1],[0,0,1],[0,0,1],[0,0,1],[0,0,1],
[0,0,1],[0,0,1],[0,0,1],[0,0,1],[0,0,1],[0,0,1],[0,0,1],[0,0,1],[0,0,1],[0,0,1],[0,0,1],[0,0,1],[0,0,1],[0,0,1],[0,0,1],[0,0,1],[0,0,1],[0,0,1],[0,0,1],[0,0,1],[0,0,1],[0,0,1],[0,0,1],[0,0,1],[0,0,1],
[0,0,1],[0,0,1],[0,0,1],[0,0,1],[0,0,1],[0,0,1],[0,0,1],[0,0,1],[0,0,1],[0,0,1],[0,0,1],[0,0,1],[0,0,1],[0,0,1],[0,0,1],[0,0,1],[0,0,1],[0,0,1],[0,0,1],[0,0,1],[0,0,1],[0,0,1],
[0,0,1],[0,0,1],[0,0,1],[0,0,1],[0,0,1],[0,0,1],[0,0,1],[0,0,1],
[0,0,1],[0,0,1],[0,0,1],[0,0,1],[0,0,1],[0,0,1],[0,0,1],[0,0,1],
[0,0,1],[0,0,1],[0,0,1],[0,0,1],[0,0,1],[0,0,1],[0,0,1],[0,0,1],[0,0,1],[0,0,1],[0,0,1],[0,0,1],[0,0,1],[0,0,1],[0,0,1],[0,0,1],[0,0,1],[0,0,1],[0,0,1],[0,0,1],[0,0,1],
[0,0,1],[0,0,1],[0,0,1],[0,0,1],[0,0,1],[0,0,1],[0,0,1],[0,0,1],[0,0,1],[0,0,1],[0,0,1],[0,0,1],[0,0,1],[0,0,1],[0,0,1],[0,0,1],[0,0,1],[0,0,1],[0,0,1],[0,0,1],[0,0,1],[0,0,1],[0,0,1],[0,0,1],
[0,0,1],[0,0,1],[0,0,1],[0,0,1],[0,0,1],[0,0,1],[0,0,1],
[0,0,1],[0,0,1],[0,0,1],[0,0,1],[0,0,1],[0,0,1],[0,0,1],[0,0,1],[0,0,1],[0,0,1],[0,0,1],[0,0,1],
[0,0,1],[0,0,1],[0,0,1],[0,0,1],
[0,0,1],[0,0,1],[0,0,1],[0,0,1],[0,0,1],[0,0,1],[0,0,1],[0,0,1],[0,0,1],[0,0,1],[0,0,1],[0,0,1],[0,0,1],[0,0,1],[0,0,1],[0,0,1],[0,0,1],[0,0,1],[0,0,1],[0,0,1],[0,0,1],[0,0,1],[0,0,1],[0,0,1],[0,0,1],
[0,0,1],[0,0,1],[0,0,1],[0,0,1],[0,0,1],[0,0,1],[0,0,1],[0,0,1],[0,0,1],[0,0,1],[0,0,1],[0,0,1],[0,0,1],[0,0,1],[0,0,1],[0,0,1],[0,0,1],[0,0,1],[0,0,1],[0,0,1],
[0,0,1],[0,0,1],[0,0,1],[0,0,1],[0,0,1],[0,0,1],[0,0,1],[0,0,1],[0,0,1],[0,0,1],[0,0,1],[0,0,1],[0,0,1],[0,0,1],[0,0,1],[0,0,1],[0,0,1],[0,0,1],[0,0,1],[0,0,1],[0,0,1],[0,0,1],[0,0,1],[0,0,1],
[0,0,1],[0,0,1],[0,0,1],[0,0,1],[0,0,1],[0,0,1],[0,0,1],[0,0,1],[0,0,1],[0,0,1],[0,0,1],[0,0,1],[0,0,1],[0,0,1],[0,0,1],[0,0,1],[0,0,1],[0,0,1],
[0,0,1],[0,0,1],[0,0,1],[0,0,1],[0,0,1],[0,0,1],[0,0,1],[0,0,1],[0,0,1],[0,0,1],[0,0,1],[0,0,1],[0,0,1],[0,0,1],[0,0,1],[0,0,1],[0,0,1],[0,0,1],[0,0,1],[0,0,1],[0,0,1],[0,0,1],[0,0,1],[0,0,1],
[0,0,1],[0,0,1],[0,0,1],[0,0,1],[0,0,1],[0,0,1],[0,0,1],[0,0,1],[0,0,1],[0,0,1],[0,0,1],[0,0,1],[0,0,1],[0,0,1],[0,0,1],[0,0,1],[0,0,1],[0,0,1],[0,0,1],[0,0,1],[0,0,1],[0,0,1],[0,0,1],[0,0,1],[0,0,1],
[0,0,1],[0,0,1],[0,0,1],[0,0,1],[0,0,1],[0,0,1],[0,0,1],[0,0,1],[0,0,1],[0,0,1],[0,0,1],[0,0,1],[0,0,1],[0,0,1],[0,0,1],[0,0,1],[0,0,1],[0,0,1],[0,0,1],[0,0,1],[0,0,1],[0,0,1],[0,0,1],[0,0,1],[0,0,1],[0,0,1],[0,0,1],[0,0,1],[0,0,1],
[0,0,1],[0,0,1],[0,0,1],[0,0,1],[0,0,1],[0,0,1],[0,0,1],[0,0,1],[0,0,1],[0,0,1],[0,0,1],[0,0,1],[0,0,1],[0,0,1],[0,0,1],[0,0,1],[0,0,1],[0,0,1],[0,0,1],[0,0,1],[0,0,1],[0,0,1],[0,0,1],[0,0,1],[0,0,1],
[0,0,1],[0,0,1],[0,0,1],[0,0,1],[0,0,1],[0,0,1],[0,0,1],[0,0,1],[0,0,1],[0,0,1],[0,0,1],[0,0,1],[0,0,1],[0,0,1],[0,0,1],[0,0,1],[0,0,1],[0,0,1],[0,0,1],[0,0,1],[0,0,1],[0,0,1],[0,0,1],
[0,0,1],[0,0,1],[0,0,1],[0,0,1],[0,0,1],[0,0,1],[0,0,1],[0,0,1],[0,0,1],[0,0,1],[0,0,1],[0,0,1],[0,0,1],[0,0,1],[0,0,1],[0,0,1],[0,0,1],[0,0,1],[0,0,1],[0,0,1],[0,0,1],[0,0,1],[0,0,1],[0,0,1],[0,0,1],
[0,0,1],[0,0,1],[0,0,1],[0,0,1],[0,0,1],[0,0,1],[0,0,1],[0,0,1],[0,0,1],[0,0,1],[0,0,1],[0,0,1],[0,0,1],[0,0,1],[0,0,1],[0,0,1],[0,0,1],[0,0,1],[0,0,1],[0,0,1],[0,0,1],[0,0,1],[0,0,1],[0,0,1],[0,0,1],
[0,0,1],[0,0,1],[0,0,1],[0,0,1],[0,0,1],[0,0,1],[0,0,1],[0,0,1],[0,0,1],[0,0,1],[0,0,1],[0,0,1],[0,0,1],[0,0,1],[0,0,1],[0,0,1],[0,0,1],[0,0,1],[0,0,1],[0,0,1],[0,0,1],[0,0,1],[0,0,1],[0,0,1],[0,0,1],[0,0,1],
[0,0,1],[0,0,1],[0,0,1],[0,0,1],[0,0,1],[0,0,1],[0,0,1],[0,0,1],[0,0,1],[0,0,1],[0,0,1],[0,0,1],[0,0,1],[0,0,1],[0,0,1],[0,0,1],[0,0,1],[0,0,1],[0,0,1],[0,0,1],[0,0,1],[0,0,1],[0,0,1],
[0,0,1],[0,0,1],[0,0,1],[0,0,1],[0,0,1],[0,0,1],[0,0,1],[0,0,1],[0,0,1],
[0,0,1],[0,0,1],[0,0,1],[0,0,1],[0,0,1],[0,0,1],[0,0,1],[0,0,1],[0,0,1],[0,0,1],[0,0,1],[0,0,1],[0,0,1],[0,0,1],[0,0,1],[0,0,1],[0,0,1],[0,0,1],[0,0,1],[0,0,1],[0,0,1],[0,0,1],[0,0,1],
[0,0,1],[0,0,1],[0,0,1],[0,0,1],[0,0,1],[0,0,1],[0,0,1],[0,0,1],
[0,0,1],[0,0,1],[0,0,1],[0,0,1],[0,0,1],[0,0,1],[0,0,1],[0,0,1],[0,0,1],[0,0,1],[0,0,1],[0,0,1],[0,0,1],[0,0,1],
[0,0,1],[0,0,1],[0,0,1],[0,0,1],[0,0,1],[0,0,1],[0,0,1],[0,0,1],[0,0,1],[0,0,1],[0,0,1],[0,0,1],[0,0,1],[0,0,1],[0,0,1],[0,0,1],[0,0,1],[0,0,1],[0,0,1],[0,0,1],[0,0,1],
[0,0,1],[0,0,1],[0,0,1],[0,0,1],[0,0,1],[0,0,1],[0,0,1],[0,0,1],[0,0,1],[0,0,1],[0,0,1],[0,0,1],[0,0,1],[0,0,1],[0,0,1],[0,0,1],[0,0,1],[0,0,1],[0,0,1],[0,0,1],[0,0,1],[0,0,1],[0,0,1],[0,0,1],
[0,0,1],[0,0,1],[0,0,1],[0,0,1],[0,0,1],[0,0,1],[0,0,1],[0,0,1],[0,0,1],[0,0,1],[0,0,1],[0,0,1],[0,0,1],[0,0,1],[0,0,1],[0,0,1],[0,0,1],[0,0,1],[0,0,1],[0,0,1],[0,0,1],
[0,0,1],[0,0,1],[0,0,1],[0,0,1],[0,0,1],[0,0,1],[0,0,1],[0,0,1],[0,0,1],[0,0,1],[0,0,1],[0,0,1],[0,0,1],[0,0,1],[0,0,1],[0,0,1],[0,0,1],[0,0,1],[0,0,1],[0,0,1],[0,0,1],[0,0,1],[0,0,1],[0,0,1],
[0,0,1],[0,0,1],[0,0,1],[0,0,1],[0,0,1],[0,0,1],[0,0,1],[0,0,1],[0,0,1],[0,0,1],[0,0,1],[0,0,1],[0,0,1],[0,0,1],[0,0,1],[0,0,1],[0,0,1],[0,0,1],[0,0,1],[0,0,1],[0,0,1],[0,0,1],[0,0,1],[0,0,1],
[0,0,1],[0,0,1],[0,0,1],[0,0,1],[0,0,1],[0,0,1],[0,0,1],[0,0,1],[0,0,1],[0,0,1],[0,0,1],[0,0,1],[0,0,1],[0,0,1],[0,0,1],[0,0,1],[0,0,1],[0,0,1],[0,0,1],[0,0,1],[0,0,1],[0,0,1],[0,0,1],[0,0,1],
[0,0,1],[0,0,1],[0,0,1],[0,0,1],[0,0,1],[0,0,1],[0,0,1],[0,0,1],
[0,0,1],[0,0,1],[0,0,1],[0,0,1],[0,0,1],[0,0,1],[0,0,1],[0,0,1],[0,0,1],[0,0,1],[0,0,1],[0,0,1],[0,0,1],[0,0,1],[0,0,1],[0,0,1],[0,0,1],[0,0,1],[0,0,1],[0,0,1],[0,0,1],[0,0,1],[0,0,1],
[0,0,1],[0,0,1],[0,0,1],[0,0,1],[0,0,1],[0,0,1],[0,0,1],[0,0,1],[0,0,1],[0,0,1],[0,0,1],[0,0,1],[0,0,1],[0,0,1],[0,0,1],[0,0,1],[0,0,1],[0,0,1],[0,0,1],[0,0,1],[0,0,1],[0,0,1],
[0,0,1],[0,0,1],[0,0,1],[0,0,1],[0,0,1],
