RP = [[369.881,248.084,1],[419.207,272.587,1],[418.937,272.943,1],[418.309,271.223,1],[419.015,271.505,1],[419.554,272.333,1],[352.122,288.275,1],[353.336,290.608,1],[355.891,291.481,1],[412.02,299.176,1],[412.13,300.839,1],[413.449,301.106,1],[409.629,300.704,1],[330.845,315.091,1],[329.914,315.692,1],[458.581,321.429,1],[308.151,322.6,1],[326.658,322.955,1],[326.504,324.673,1],[326.047,325.271,1],[325.808,326.09,1],[384.764,341.063,1],[386.254,343.802,1],[369.917,372.294,1],[370.907,373.442,1],[372.426,374.621,1],[373.092,375.197,1],[373.605,376.468,1],[356.702,383.794,1],[373.759,383.804,1],[373.076,384.293,1],[373.674,385.348,1],[372.802,385.52,1],[372.916,386.907,1],[373.285,387.487,1],[418.27,423.852,1],[374.107,389.085,1],[417.445,424.797,1],[418.006,426.506,1],[418.45,427.294,1],[419.512,428.675,1],[427.595,442.927,1],[424.975,443.09,1],[433.809,433.413,1],[433.589,437.078,1],[434.902,439.231,1],[435.872,440.503,1],[437.634,443.108,1],[438.407,444.947,1],[439.961,446.667,1],[462.738,473.782,1],[461.849,474.157,1],[459.161,474.89,1],[439.803,451.877,1],[439.725,452.246,1],[439.224,452.763,1],[374.068,458.603,1],[374.921,460.561,1],[476.255,469.483,1],[477.053,470.976,1],[477.325,471.718,1],[377.429,465.867,1],[377.083,466.839,1],[367.145,473.616,1],[372.381,469.414,1],[370.875,469.748,1],[369.148,470.499,1],[368.294,471.087,1],[367.66,471.717,1],[367.354,471.937,1],[366.826,472.176,1],[365.819,472.696,1],[364.821,473.589,1],[364.925,473.629,1],[364.745,473.892,1],[364.643,474.093,1],[363.862,474.918,1],[362.981,475.426,1],[362.155,475.845,1],[361.763,475.826,1],[275.613,463.458,1],[275.311,464.777,1],[274.429,465.458,1],[234.648,470.102,1],[233.434,470.538,1],[230.596,471.151,1],[228.113,471.791,1],[224.925,472.285,1],[223.437,472.716,1],[221.491,472.989,1],[218.394,473.702,1],[215.984,474.28,1],[214.05,474.671,1],[212.137,475.083,1],[255.383,471.753,1],[621.17,464.439,1],[622.356,465.148,1],[623.448,465.811,1],[624.577,465.99,1],[625.735,467.192,1];
[344.159,239.891,1],[372.949,248.482,1],[298.941,244.079,1],[375.372,249.3,1],[377.022,250.203,1],[377.564,250.591,1],[419.852,272.403,1],[420.526,272.829,1],[421.236,273.582,1],[358.185,295.993,1],[359.205,298.521,1],[360.618,299.737,1],[361.716,301.034,1],[365.668,307.502,1],[368.363,312.199,1],[329.609,316.844,1],[330.457,319.661,1],[459.977,318.319,1],[460.64,318.591,1],[379.275,333.128,1],[382.146,337.497,1],[325.405,326.178,1],[325.853,326.936,1],[387.581,349.625,1],[388.917,351.738,1],[391.563,355.872,1],[393.633,358.921,1],[455.196,350.522,1],[376.888,381.07,1],[492.42,369.182,1],[493.512,367.662,1],[281.17,354.933,1],[410.794,382.147,1],[413.247,386.58,1],[415.73,390.396,1],[373.621,388.14,1],[419.573,397.779,1],[423.386,402.964,1],[427.286,407.911,1],[491.92,409.01,1],[493.436,410.799,1],[420.714,429.45,1],[330.09,409.912,1],[328.313,410.211,1],[326.92,410.579,1],[326.446,410.965,1],[326.829,412.134,1],[326.479,413.651,1],[327.597,425.599,1],[326.752,418.751,1],[440.004,448.038,1],[440.5,449.308,1],[440.628,451.052,1],[324.269,423.251,1],[324.3,423.871,1],[324.165,424.778,1],[442.098,454.843,1],[441.845,455.971,1],[375.667,461.843,1],[376.936,463.359,1],[376.879,464.252,1],[431.664,459.653,1],[432.734,460.567,1],[376.379,467.708,1],[435.534,462.743,1],[437.365,463.639,1],[439.584,465.139,1],[440.094,465.664,1],[444.071,467.66,1],[540.744,467.105,1],[543.292,469.237,1],[544.553,470.25,1],[547.293,470.958,1],[276.71,456.347,1],[276.543,457.121,1],[276.555,458.114,1],[276.098,459.687,1],[276.057,460.894,1],[276.268,462.187,1],[275.98,462.677,1],[178.127,435.746,1],[603.715,461.941,1],[604.882,461.518,1],[272.986,465.656,1],[272.796,465.943,1],[271.753,466.189,1],[270.814,466.661,1],[269.725,467.019,1],[269.729,467.12,1],[268.937,467.136,1],[267.79,467.364,1],[267.518,467.762,1],[265.746,467.612,1],[255.464,471.148,1],[261.399,463.036,1],[139.49,455.785,1],[138.503,457.199,1],[138.045,458.601,1],[136.937,459.05,1],[136.058,460.355,1];
[348.5,208.775,1],[344.363,240.259,1],[374.15,248.601,1],[297.647,242.903,1],[296.228,241.87,1],[344.587,241.627,1],[377.281,252.021,1],[379.445,251.206,1],[380.091,251.314,1],[422.072,274.051,1],[422.869,274.197,1],[423.964,275.966,1],[424.621,276.34,1],[419.992,286.937,1],[421.264,289.96,1],[370.531,317.289,1],[459.386,319.147,1],[376.206,327.037,1],[378.01,330.789,1],[461.17,318.492,1],[461.96,318.901,1],[462.472,319.131,1],[463.455,318.858,1],[325.729,327.844,1],[325.858,328.111,1],[325.298,327.986,1],[325.304,327.899,1],[397.113,360.566,1],[402.142,368.415,1],[404.25,371.98,1],[287.389,357.548,1],[495.058,364.46,1],[280.742,355.371,1],[279.057,356.071,1],[278.959,356.683,1],[417.232,393.484,1],[278.602,358.061,1],[374.225,389.5,1],[374.701,390.778,1],[429.525,410.657,1],[431.142,412.802,1],[436.518,418.349,1],[434.611,426.598,1],[376.302,393.382,1],[376.42,393.889,1],[530.081,399.188,1],[376.859,394.419,1],[376.958,395.415,1],[327.006,414.734,1],[375.469,403.063,1],[326.143,420.352,1],[325.469,421.12,1],[324.547,422.508,1],[379.451,406.322,1],[379.138,406.507,1],[375.564,405.793,1],[324.252,425.538,1],[324.444,426.896,1],[428.54,451.737,1],[427.992,452.456,1],[430.892,458.646,1],[420.293,441.581,1],[416.005,441.235,1],[434.157,461.833,1],[278.166,442.626,1],[534.521,458.9,1],[537.827,464.101,1],[538.507,464.843,1],[539.704,466.11,1],[278.024,448.634,1],[279.412,450.195,1],[277.469,453.901,1],[277.317,456.016,1],[325.308,444.004,1],[325.157,444.207,1],[326.618,445.06,1],[325.967,446.068,1],[327.096,447.527,1],[178.768,431.614,1],[177.127,431.892,1],[587.371,442.343,1],[177.559,437.405,1],[176.911,438.465,1],[605.998,461.198,1],[607.289,461.515,1],[608.487,461.515,1],[609.916,461.142,1],[611.222,461.826,1],[612.299,462.093,1],[613.397,461.519,1],[615.055,462.84,1],[599.387,463.693,1],[617.333,462.989,1],[263.28,463.052,1],[619.713,463.464,1],[169.504,449.085,1],[168.927,449.996,1],[168.659,450.846,1],[167.959,450.776,1],[167.823,451.737,1];
[334.895,198.076,1],[348.57,208.241,1],[344.289,240.892,1],[344.341,241.187,1],[344.5,241.522,1],[295.405,241.977,1],[344.575,241.603,1],[344.855,241.228,1],[345.28,241.17,1],[380.835,251.595,1],[382.118,253.004,1],[383.332,253.677,1],[383.775,253.4,1],[383.835,251.622,1],[385.422,253.168,1],[422,291.417,1],[372.259,319.742,1],[423.645,294.585,1],[424.383,295.644,1],[241.948,289.915,1],[241.525,290.238,1],[240.236,289.829,1],[238.171,288.761,1],[238.281,290.128,1],[464.756,323.509,1],[465.771,322.317,1],[466.112,319.542,1],[325.653,328.459,1],[325.741,328.66,1],[325.84,329.275,1],[405.175,373.227,1],[407.169,376.301,1],[496.092,361.889,1],[496.885,360.821,1],[497.592,360.396,1],[278.415,357.109,1],[499.01,362.625,1],[276.241,363.139,1],[276.195,365.471,1],[374.888,391.2,1],[375.249,391.962,1],[375.658,391.969,1],[376.065,393.057,1],[273.509,368.34,1],[273.304,368.999,1],[376.664,394.026,1],[531.097,397.913,1],[532.144,397.324,1],[375.143,402.466,1],[362.979,380.781,1],[375.182,403.564,1],[376.113,403.995,1],[377.711,405.512,1],[228.721,393.535,1],[228.675,394.313,1],[227.789,395.053,1],[520.359,439.527,1],[522.573,442.884,1],[324.534,427.658,1],[324.519,428.439,1],[420.521,441.211,1],[528.455,450.573,1],[276.82,439.852,1],[277.284,441.294,1],[533,456.924,1],[278.855,443.892,1],[279.188,445.707,1],[278.812,446.841,1],[278.612,448.146,1],[325.29,435.77,1],[322.926,441.192,1],[323.969,442.318,1],[324.238,443.874,1],[183.011,426.194,1],[182.624,426.911,1],[181.844,427.737,1],[180.979,429.342,1],[180.189,430.595,1],[585.126,442.398,1],[586.148,442.374,1],[215.61,422.738,1],[588.734,443.722,1],[589.75,444.656,1],[176.795,439.711,1],[175.966,440.201,1],[175.341,441.291,1],[174.664,442.479,1],[174.524,443.805,1],[173.848,444.26,1],[173.095,444.732,1],[172.47,445.994,1],[616.332,462.9,1],[141.878,452.486,1],[618.464,463.061,1],[140.088,454.436,1],[74.6481,422.39,1],[73.718,423.526,1],[72.9984,424.629,1],[71.8915,424.829,1],[70.8607,425.772,1];
