RP = [[368.744,249.842,1],[368.414,250.824,1],[419.229,272.789,1],[419.231,271.938,1],[419.655,272.1,1],[419.974,272.664,1],[419.913,272.118,1],[420.636,272.799,1],[421.284,273.202,1],[422.073,273.567,1],[364.05,306.702,1],[365.557,308.219,1],[410.157,300.489,1],[331.923,315.49,1],[330.651,315.988,1],[330.706,317.356,1],[330.007,317.579,1],[331.606,321.615,1],[326.897,324.507,1],[380.787,336.262,1],[382.733,339.65,1],[383.829,341.279,1],[386.368,345.426,1],[388.215,350.63,1],[389.819,353.749,1],[371.222,373.931,1],[373.057,375.061,1],[373.439,376.207,1],[376.035,378.541,1],[374.123,383.376,1],[373.673,384.348,1],[374.055,385.49,1],[373.734,385.956,1],[373.551,387.412,1],[373.776,387.954,1],[373.928,388.509,1],[374.71,389.424,1],[418.311,425,1],[418.436,426.574,1],[418.611,427.274,1],[419.521,428.594,1],[420.686,429.342,1],[426.72,443.878,1],[424.058,443.675,1],[428.728,445.513,1],[430.366,446.333,1],[423.555,445.425,1],[424.476,447.257,1],[463.446,457.811,1],[433.377,446.593,1],[441.178,449.285,1],[443.504,451.094,1],[442.951,452.829,1],[449.585,458.673,1],[442.222,453.896,1],[447.982,459.882,1],[475.15,467.984,1],[475.953,469.427,1],[476.84,470.197,1],[477.473,471.636,1],[377.363,464.344,1],[378.256,466.112,1],[377.933,467.093,1],[377.155,467.958,1],[376.311,468.565,1],[375.242,468.988,1],[373.692,470.005,1],[372.679,470.672,1],[371.656,471.486,1],[370.986,471.669,1],[370.386,471.945,1],[368.636,472.492,1],[366.118,473.684,1],[366.656,473.571,1],[366.271,473.908,1],[365.613,474.147,1],[364.382,475.131,1],[276.277,460.993,1],[276.475,462.281,1],[276.078,462.725,1],[275.761,463.514,1],[275.485,464.858,1],[274.065,465.202,1],[273.069,465.718,1],[265.183,468.72,1],[263.546,469.14,1],[261.677,469.438,1],[225.794,472.654,1],[224.676,473.214,1],[222.518,473.407,1],[256.628,470.218,1],[256.131,470.715,1],[270.382,465.29,1],[618.5,463.338,1],[619.752,463.937,1],[621.242,465.336,1],[622.429,465.838,1],[138.095,458.607,1],[136.868,459.005,1],[136.114,460.367,1];
[344.901,240.28,1],[345.188,240.929,1],[383.853,253.377,1],[386.163,255.271,1],[377.702,250.304,1],[379.712,252.179,1],[382.162,253.81,1],[382.388,253.893,1],[383.797,254.129,1],[384.115,254.142,1],[422.957,273.976,1],[424.025,275.874,1],[362.979,302.841,1],[411.193,299.994,1],[413.569,302.238,1],[414.792,303.628,1],[459.523,319.075,1],[459.941,318.99,1],[460.75,318.931,1],[326.389,325.39,1],[326.193,326.43,1],[325.539,326.502,1],[326.113,327.428,1],[325.849,328.296,1],[326.205,328.639,1],[391.619,356.522,1],[392.384,357.603,1],[397.182,361.316,1],[459.461,354.071,1],[460.21,355.084,1],[492.855,370.458,1],[408.133,379.855,1],[411.002,383.216,1],[413.585,388.215,1],[415.826,391.308,1],[418.006,394.652,1],[419.415,398.035,1],[426,406.55,1],[427.254,408.438,1],[428.814,410.742,1],[432.511,415.514,1],[494.951,412.307,1],[422.475,431.424,1],[423.323,432.507,1],[424.126,433.755,1],[424.012,434.169,1],[424.601,435.226,1],[456.151,448.52,1],[425.55,443.23,1],[465.898,451.582,1],[502.462,418.114,1],[512.765,437.166,1],[515.865,442.915,1],[427.46,441.065,1],[519.045,447.525,1],[426.673,441.164,1],[429.72,455.564,1],[374.833,460.461,1],[375.823,461.794,1],[377.3,463.408,1],[429.976,458.483,1],[531.182,464.782,1],[531.648,464.947,1],[532.053,465.199,1],[532.553,465.456,1],[436.952,463.662,1],[439.376,465.174,1],[542.939,466.217,1],[543.281,466.366,1],[544.283,467.133,1],[545.681,468.892,1],[546.955,470.342,1],[278.044,455.807,1],[276.804,456.403,1],[276.796,457.235,1],[276.806,458.232,1],[276.427,459.823,1],[181.324,430.817,1],[180.997,432.052,1],[180.047,432.351,1],[178.31,435.837,1],[177.722,437.492,1],[604.923,462.424,1],[606.055,462.204,1],[279.41,464.084,1],[278.412,464.405,1],[277.981,465.151,1],[259.844,469.882,1],[259.176,469.898,1],[258.137,469.875,1],[275.052,466.015,1],[274.755,466.649,1],[617.378,463.416,1],[170.82,447.923,1],[170.405,448.627,1],[139.476,455.786,1],[138.507,457.19,1],[168.772,450.911,1],[168.354,451.366,1],[168.552,452.586,1];
[308.595,195.677,1],[348.533,208.194,1],[385.858,247.112,1],[387.656,248.487,1],[296.347,241.598,1],[345.545,241.947,1],[345.573,241.457,1],[345.611,241.298,1],[345.882,241.382,1],[346.122,240.853,1],[384.084,254.495,1],[393.947,256.832,1],[424.524,275.698,1],[369.658,316.467,1],[370.865,317.996,1],[372.942,323.185,1],[415.374,304.078,1],[376.091,327.854,1],[377.75,330.938,1],[461.294,319.114,1],[462.064,319.31,1],[462.61,319.453,1],[463.567,319.144,1],[413.321,304.395,1],[415.073,304.568,1],[326.081,329.378,1],[326.416,329.198,1],[327.221,329.72,1],[400.478,365.751,1],[403.55,371.39,1],[461,356.929,1],[282.638,355.687,1],[281.802,355.746,1],[469.591,368.06,1],[466.71,363.793,1],[471.283,369.492,1],[471.903,369.752,1],[374.796,389.857,1],[374.799,390.829,1],[375.479,391.604,1],[376.093,392.258,1],[436.942,419.332,1],[496.397,413.8,1],[443.476,427.45,1],[447.324,432.344,1],[448.417,433.426,1],[451.065,436.313,1],[425.906,437.052,1],[462.144,446.775,1],[327.539,418.085,1],[326.875,420.339,1],[503.173,418.154,1],[325.846,422.968,1],[517.635,445.664,1],[505.435,420.849,1],[520.951,450.402,1],[425.248,440.946,1],[429.809,456.802,1],[528.578,462.398,1],[429.959,457.92,1],[420.23,441.118,1],[430.699,459.487,1],[432.154,460.592,1],[433.109,461.682,1],[434.669,462.692,1],[531.496,462.304,1],[540.819,463.324,1],[279.054,446.895,1],[279.074,448.279,1],[278.408,448.732,1],[279.208,449.829,1],[277.88,452.936,1],[323.372,443.791,1],[324.393,443.8,1],[324.831,444.294,1],[326.07,445.103,1],[180.964,429.291,1],[584.233,441.83,1],[585.412,442.056,1],[586.236,442.76,1],[587.473,442.405,1],[588.843,444.042,1],[177.082,438.553,1],[176.841,439.762,1],[607.335,462.137,1],[608.517,462.524,1],[609.955,461.805,1],[277.242,465.745,1],[277.69,465.909,1],[276.806,465.836,1],[615.109,463.569,1],[616.373,463.465,1],[171.514,447.47,1],[76.6809,420.753,1],[75.9502,421.439,1],[169.614,449.145,1],[169.059,450.058,1],[73.3788,424.79,1],[72.2931,424.996,1],[71.945,426.265,1];
[332.838,160.438,1],[306.81,195.071,1],[368.825,248.116,1],[298.573,243.599,1],[345.535,241.946,1],[295.944,242.041,1],[295.218,242.14,1],[294.55,241.837,1],[291.509,246.078,1],[290.47,248.168,1],[346.416,240.579,1],[371.988,252.533,1],[394.096,255.806,1],[357.424,290.354,1],[427.018,280.07,1],[427.647,281.627,1],[374.257,324.876,1],[424.068,296.271,1],[424.856,297.495,1],[425.807,299.01,1],[242.479,290.806,1],[240.65,289.83,1],[238.679,289.019,1],[238.555,290.131,1],[237.395,290.006,1],[465.888,322.836,1],[466.29,319.879,1],[467.127,323.435,1],[327.642,329.326,1],[327.732,329.551,1],[405.249,373.454,1],[458.435,353.375,1],[462.285,358.435,1],[280.236,356.52,1],[279.703,356.896,1],[279.056,357.368,1],[279.564,358.448,1],[472.799,370.195,1],[474.047,372.149,1],[474.621,372.28,1],[475.363,373.03,1],[376.549,392.241,1],[440.943,424.5,1],[497.444,414.901,1],[497.224,413.352,1],[499.496,416.812,1],[499.138,414.465,1],[459.48,443.569,1],[504.296,423.232,1],[373.898,402.617,1],[373.361,403.059,1],[326.381,421.357,1],[376.32,405.245,1],[325.521,423.696,1],[325.635,424.227,1],[506.223,421.573,1],[522.356,451.941,1],[425.029,441.598,1],[430.138,457.351,1],[421.331,441.179,1],[526.17,455.93,1],[519.282,441.914,1],[520.372,443.253,1],[535.941,456.138,1],[277.955,442.512,1],[538.335,458.746,1],[279.539,445.804,1],[326.767,435.665,1],[326.547,436.768,1],[323.16,441.241,1],[322.174,441.11,1],[323.122,442.191,1],[184.419,426.025,1],[183.021,426.174,1],[182.733,426.919,1],[181.521,427.579,1],[582.84,442.154,1],[218.514,417.009,1],[216.191,422.691,1],[214.603,422.184,1],[214.199,422.342,1],[213.951,423.342,1],[589.828,445.093,1],[590.939,445.635,1],[176.024,440.246,1],[175.452,441.349,1],[174.736,442.518,1],[611.276,462.489,1],[612.354,462.941,1],[613.442,461.966,1],[172.663,446.074,1],[172.426,447.14,1],[78.0335,420.231,1],[19.4603,374.859,1],[18.8843,375.819,1],[75.0288,422.551,1],[74.0581,423.67,1],[12.9593,382.737,1],[627.883,357.807,1],[629.362,358.456,1];
