Obj0=[369.881,248.084,0,402,165.823,8.45102;
372.949,248.482,1,543,212.593,9.09543;
374.15,248.601,2,602.5,226.007,8.96623;
375.372,249.3,3,655,251.563,9.33508;
377.022,250.203,4,733,256.049,9.51896;
377.564,250.591,5,761.5,246.149,8.8951;
377.281,252.021,6,800.5,293.747,7.44156;
379.445,251.206,7,744,253.22,8.5394;
380.091,251.314,8,756.5,237.664,8.37255;
380.835,251.595,9,771.5,237.664,8.53082;
382.118,253.004,10,761.5,244.007,9.77412;
383.332,253.677,11,735,226.108,9.3041;
];
Obj1=[419.207,272.587,1,71.5,45.6985,12.4017;
418.937,272.943,2,114.5,60.5269,11.2142;
418.309,271.223,3,201,100.225,8.38023;
419.015,271.505,4,230.5,96.669,8.72929;
419.554,272.333,5,265.5,98.1838,9.01304;
419.852,272.403,6,283.5,97.0122,8.83757;
420.526,272.829,7,295,100.083,9.75469;
421.236,273.582,8,302.5,103.355,8.56593;
422.072,274.051,9,309.5,107.497,8.85221;
422.869,274.197,10,303,106.426,8.08952;
423.964,275.966,11,330,115.74,8.307;
424.621,276.34,12,333,126.912,8.96554;
419.992,286.937,13,644,249.279,6.53657;
421.264,289.96,14,694,256.593,5.52976;
422,291.417,15,712.5,258.35,5.3559;
422.796,294.086,16,719,241.279,4.92063;
423.645,294.585,17,737,243.279,4.77138;
424.383,295.644,18,736,247.279,4.67136;
425.688,297.624,19,757.5,260.007,4.68156;
426.594,297.999,20,788,265.764,4.79444;
427.012,297.684,21,797,270.25,4.78128;
427.775,297.375,22,819,271.421,4.85115;
];
Obj2=[352.122,288.275,6,122,83.2548,10.1556;
353.336,290.608,7,167,92.5685,8.06467;
355.891,291.481,8,305,180.451,6.98287;
358.185,295.993,9,458.5,201.179,8.03698;
359.205,298.521,10,505,194.936,9.31042;
360.618,299.737,11,546.5,180.693,10.4347;
361.716,301.034,12,586.5,193.522,10.4752;
365.668,307.502,13,719,272.333,11.8013;
368.363,312.199,14,732.5,238.635,10.8112;
370.531,317.289,15,742,215.078,13.8763;
372.259,319.742,16,801,243.362,14.2873;
376.206,327.037,17,761.5,257.262,10.2339;
378.01,330.789,18,779.5,233.806,14.3927;
379.275,333.128,19,785.5,251.12,12.5598;
382.146,337.497,20,806.5,241.463,9.37304;
384.764,341.063,21,822.5,238.635,11.2026;
386.254,343.802,22,822,224.735,11.3709;
387.581,349.625,23,575,188.108,9.61605;
388.917,351.738,24,597.5,182.208,9.19106;
391.563,355.872,25,598,199.078,7.32497;
393.633,358.921,26,583.5,225.806,6.26968;
397.113,360.566,27,775.5,299.203,11.0431;
402.142,368.415,28,839.5,234.635,12.0646;
404.25,371.98,29,811.5,205.664,11.3225;
405.175,373.227,30,839,229.22,10.926;
407.169,376.301,31,800.5,259.605,13.3703;
410.794,382.147,32,717.5,183.179,9.45358;
413.247,386.58,33,662.5,216.149,11.7931;
415.73,390.396,34,610,195.421,10.1019;
417.232,393.484,35,573.5,175.037,10.6276;
419.573,397.779,36,459,164.794,9.14347;
423.386,402.964,37,430.5,179.037,8.03123;
427.286,407.911,38,476.5,167.38,10.7415;
429.525,410.657,39,467,166.309,13.772;
431.142,412.802,40,457,162.794,12.9156;
436.518,418.349,41,490.5,178.693,8.41206;
434.611,426.598,42,708.5,287.605,8.51251;
433.809,433.413,43,1016,461.872,9.89275;
433.589,437.078,44,1370,311.161,13.0479;
434.902,439.231,45,1379,295.848,12.8404;
435.872,440.503,46,1402.5,293.605,12.7343;
437.634,443.108,47,1431.5,280.291,11.6631;
438.407,444.947,48,1415.5,280.777,11.8697;
439.961,446.667,49,1440,293.362,10.1945;
440.004,448.038,50,1428,295.019,9.89898;
440.5,449.308,51,1425,305.848,9.20091;
440.628,451.052,52,1403.5,288.291,9.3619;
];
Obj3=[412.02,299.176,9,51,31.799,14.7316;
412.13,300.839,10,59,35.799,14.084;
413.449,301.106,11,70.5,40.0416,12.8569;
409.629,300.704,12,170,102.569,9.47346;
419.992,286.937,13,644,249.279,6.53657;
421.264,289.96,14,694,256.593,5.52976;
422,291.417,15,712.5,258.35,5.3559;
422.796,294.086,16,719,241.279,4.92063;
423.645,294.585,17,737,243.279,4.77138;
424.383,295.644,18,736,247.279,4.67136;
425.688,297.624,19,757.5,260.007,4.68156;
426.594,297.999,20,788,265.764,4.79444;
427.012,297.684,21,797,270.25,4.78128;
427.775,297.375,22,819,271.421,4.85115;
];
Obj4=[330.845,315.091,13,154.5,101.64,5.92199;
329.914,315.692,14,233.5,113.782,7.01556;
329.609,316.844,15,270,124.853,6.87695;
330.457,319.661,16,349,179.137,5.98128;
326.658,322.955,17,541,261.22,10.8196;
326.504,324.673,18,630.5,259.806,11.4793;
326.047,325.271,19,661,263.563,12.1668;
325.808,326.09,20,686,266.735,12.8124;
325.405,326.178,21,676,266.735,12.6294;
325.853,326.936,22,667,271.22,11.9375;
325.729,327.844,23,646,276.049,12.4681;
325.858,328.111,24,641,280.877,12.2582;
325.298,327.986,25,1252.5,159.095,14.7417;
325.304,327.899,26,1277,162.51,14.6626;
325.653,328.459,27,1299,164.167,14.5028;
325.741,328.66,28,1326,164.167,14.897;
325.84,329.275,29,1344,163.338,14.883;
325.873,329.121,30,1364.5,165.581,14.8803;
327.376,329.518,31,737,294.191,13.2644;
327.622,329.963,32,713,290.534,10.2307;
327.796,331.677,33,676.5,289.948,8.9127;
330.065,336.218,34,539,235.907,5.46644;
326.466,338.664,35,430.5,188.208,5.96155;
];
Obj5=[458.581,321.429,15,50.5,47.6985,10.1273;
459.386,319.147,16,219.5,84.5269,11.41;
459.977,318.319,17,248.5,96.1838,9.74269;
460.64,318.591,18,303,102.77,9.80656;
461.17,318.492,19,319.5,116.326,9.30877;
461.96,318.901,20,326.5,111.841,8.95788;
462.472,319.131,21,337,117.255,8.52508;
463.455,318.858,22,318.5,115.012,8.44851;
];
Obj6=[308.151,322.6,16,65,52.7696,5.60867;
326.658,322.955,17,541,261.22,10.8196;
326.504,324.673,18,630.5,259.806,11.4793;
326.047,325.271,19,661,263.563,12.1668;
325.808,326.09,20,686,266.735,12.8124;
325.405,326.178,21,676,266.735,12.6294;
325.853,326.936,22,667,271.22,11.9375;
325.729,327.844,23,646,276.049,12.4681;
325.858,328.111,24,641,280.877,12.2582;
325.298,327.986,25,1252.5,159.095,14.7417;
325.304,327.899,26,1277,162.51,14.6626;
325.653,328.459,27,1299,164.167,14.5028;
325.741,328.66,28,1326,164.167,14.897;
325.84,329.275,29,1344,163.338,14.883;
325.873,329.121,30,1364.5,165.581,14.8803;
327.376,329.518,31,737,294.191,13.2644;
327.622,329.963,32,713,290.534,10.2307;
327.796,331.677,33,676.5,289.948,8.9127;
330.065,336.218,34,539,235.907,5.46644;
326.466,338.664,35,430.5,188.208,5.96155;
];
Obj7=[370.907,373.442,24,124,98.5685,5.98198;
372.426,374.621,25,189,110.225,6.62164;
373.092,375.197,26,231.5,116.811,7.88596;
373.605,376.468,27,291,131.882,7.58594;
376.888,381.07,28,385,193.823,5.51848;
373.759,383.804,29,543,254.936,13.1509;
373.076,384.293,30,602,264.25,14.042;
373.674,385.348,31,624,258.108,12.9524;
372.802,385.52,32,989.5,151.439,13.6638;
372.916,386.907,33,1004.5,151.439,13.8928;
373.285,387.487,34,1038.5,152.61,13.9216;
373.621,388.14,35,1043.5,153.782,13.9616;
374.107,389.085,36,1035.5,155.439,13.9598;
374.225,389.5,37,1073,156.024,14.0559;
374.701,390.778,38,1114,157.196,14.1148;
374.888,391.2,39,1134.5,157.439,13.9529;
375.249,391.962,40,1153.5,160.267,14.1829;
375.658,391.969,41,1167,158.853,14.2542;
376.065,393.057,42,1195.5,158.61,14.5596;
376.302,393.382,43,1210.5,161.439,14.4536;
376.42,393.889,44,1227,161.681,14.2908;
376.664,394.026,45,1239,161.681,14.4389;
376.859,394.419,46,1238,162.853,14.2867;
376.958,395.415,47,1225.5,162.61,14.0257;
375.143,402.466,48,330,153.196,5.70149;
375.469,403.063,49,310,140.711,5.69638;
375.182,403.564,50,280.5,135.64,5.30107;
376.113,403.995,51,259,128.569,5.47947;
377.711,405.512,52,221.5,121.154,5.58919;
379.451,406.322,53,187,114.912,5.61302;
379.138,406.507,54,145,106.912,4.61661;
375.564,405.793,55,68.5,62.5269,10.4525;
];
