Obj0=[368.744,249.842,0;
368.414,250.824,1;
368.825,248.116,2;
368.839,248.341,3;
377.702,250.304,4;
379.712,252.179,5;
382.162,253.81,6;
382.388,253.893,7;
383.797,254.129,8;
384.115,254.142,9;
384.084,254.495,10;
393.947,256.832,11;
394.096,255.806,12;
393.785,253.971,13;
394.302,254.826,14;
395.019,256.146,15;
395.906,256.897,16;
397.393,258.112,17;
398.787,259.788,18;
400.353,261.262,19;
403.565,259.958,20;
];
Obj1=[368.414,250.824,1;
368.825,248.116,2;
368.839,248.341,3;
377.702,250.304,4;
379.712,252.179,5;
382.162,253.81,6;
382.388,253.893,7;
383.797,254.129,8;
384.115,254.142,9;
384.084,254.495,10;
393.947,256.832,11;
394.096,255.806,12;
393.785,253.971,13;
394.302,254.826,14;
395.019,256.146,15;
395.906,256.897,16;
397.393,258.112,17;
398.787,259.788,18;
400.353,261.262,19;
403.565,259.958,20;
];
Obj3=[419.231,271.938,3;
419.655,272.1,4;
419.974,272.664,5;
419.913,272.118,6;
];
Obj5=[419.974,272.664,5;
419.913,272.118,6;
];
Obj6=[419.913,272.118,6;
];
Obj8=[421.284,273.202,8;
422.073,273.567,9;
422.957,273.976,10;
424.025,275.874,11;
424.524,275.698,12;
425.479,276.596,13;
427.018,280.07,14;
427.647,281.627,15;
428.54,284.4,16;
424.068,296.271,17;
424.856,297.495,18;
425.807,299.01,19;
426.262,298.452,20;
];
Obj9=[422.073,273.567,9;
422.957,273.976,10;
424.025,275.874,11;
424.524,275.698,12;
425.479,276.596,13;
427.018,280.07,14;
427.647,281.627,15;
428.54,284.4,16;
424.068,296.271,17;
424.856,297.495,18;
425.807,299.01,19;
426.262,298.452,20;
];
Obj12=[410.157,300.489,12;
411.193,299.994,13;
413.569,302.238,14;
414.792,303.628,15;
415.374,304.078,16;
424.068,296.271,17;
424.856,297.495,18;
425.807,299.01,19;
426.262,298.452,20;
];
Obj13=[331.923,315.49,13;
330.651,315.988,14;
330.706,317.356,15;
330.007,317.579,16;
331.606,321.615,17;
326.897,324.507,18;
326.389,325.39,19;
326.193,326.43,20;
325.539,326.502,21;
326.113,327.428,22;
325.849,328.296,23;
326.205,328.639,24;
326.081,329.378,25;
326.416,329.198,26;
327.221,329.72,27;
327.642,329.326,28;
327.732,329.551,29;
328.018,329.192,30;
328.134,329.617,31;
328.113,330.15,32;
328.183,332.384,33;
329.547,337.191,34;
323.437,338.718,35;
322.183,338.994,36;
321.684,338.811,37;
321.747,339.669,38;
323.936,340.812,39;
323.075,340.361,40;
322.909,339.794,41;
323.658,340.945,42;
];
Obj15=[330.706,317.356,15;
330.007,317.579,16;
331.606,321.615,17;
326.897,324.507,18;
326.389,325.39,19;
326.193,326.43,20;
325.539,326.502,21;
326.113,327.428,22;
325.849,328.296,23;
326.205,328.639,24;
326.081,329.378,25;
326.416,329.198,26;
327.221,329.72,27;
327.642,329.326,28;
327.732,329.551,29;
328.018,329.192,30;
328.134,329.617,31;
328.113,330.15,32;
328.183,332.384,33;
329.547,337.191,34;
323.437,338.718,35;
322.183,338.994,36;
321.684,338.811,37;
321.747,339.669,38;
323.936,340.812,39;
323.075,340.361,40;
322.909,339.794,41;
323.658,340.945,42;
];
Obj16=[330.007,317.579,16;
331.606,321.615,17;
326.897,324.507,18;
326.389,325.39,19;
326.193,326.43,20;
325.539,326.502,21;
326.113,327.428,22;
325.849,328.296,23;
326.205,328.639,24;
326.081,329.378,25;
326.416,329.198,26;
327.221,329.72,27;
327.642,329.326,28;
327.732,329.551,29;
328.018,329.192,30;
328.134,329.617,31;
328.113,330.15,32;
328.183,332.384,33;
329.547,337.191,34;
323.437,338.718,35;
322.183,338.994,36;
321.684,338.811,37;
321.747,339.669,38;
323.936,340.812,39;
323.075,340.361,40;
322.909,339.794,41;
323.658,340.945,42;
];
Obj17=[331.606,321.615,17;
326.897,324.507,18;
326.389,325.39,19;
326.193,326.43,20;
325.539,326.502,21;
326.113,327.428,22;
325.849,328.296,23;
326.205,328.639,24;
326.081,329.378,25;
326.416,329.198,26;
327.221,329.72,27;
327.642,329.326,28;
327.732,329.551,29;
328.018,329.192,30;
328.134,329.617,31;
328.113,330.15,32;
328.183,332.384,33;
329.547,337.191,34;
323.437,338.718,35;
322.183,338.994,36;
321.684,338.811,37;
321.747,339.669,38;
323.936,340.812,39;
323.075,340.361,40;
322.909,339.794,41;
323.658,340.945,42;
];
Obj18=[326.897,324.507,18;
326.389,325.39,19;
326.193,326.43,20;
325.539,326.502,21;
326.113,327.428,22;
325.849,328.296,23;
326.205,328.639,24;
326.081,329.378,25;
326.416,329.198,26;
327.221,329.72,27;
327.642,329.326,28;
327.732,329.551,29;
328.018,329.192,30;
328.134,329.617,31;
328.113,330.15,32;
328.183,332.384,33;
329.547,337.191,34;
323.437,338.718,35;
322.183,338.994,36;
321.684,338.811,37;
321.747,339.669,38;
323.936,340.812,39;
323.075,340.361,40;
322.909,339.794,41;
323.658,340.945,42;
];
Obj19=[380.787,336.262,19;
382.733,339.65,20;
383.829,341.279,21;
386.368,345.426,22;
388.215,350.63,23;
389.819,353.749,24;
391.619,356.522,25;
392.384,357.603,26;
397.182,361.316,27;
400.478,365.751,28;
403.55,371.39,29;
405.249,373.454,30;
408.133,379.855,31;
411.002,383.216,32;
413.585,388.215,33;
415.826,391.308,34;
418.006,394.652,35;
419.415,398.035,36;
426,406.55,37;
427.254,408.438,38;
428.814,410.742,39;
432.511,415.514,40;
436.942,419.332,41;
440.943,424.5,42;
443.476,427.45,43;
447.324,432.344,44;
448.417,433.426,45;
451.065,436.313,46;
459.48,443.569,47;
462.144,446.775,48;
465.898,451.582,49;
441.178,449.285,50;
443.504,451.094,51;
442.951,452.829,52;
449.585,458.673,53;
442.222,453.896,54;
447.982,459.882,55;
429.72,455.564,56;
429.809,456.802,57;
430.138,457.351,58;
429.959,457.92,59;
];
Obj20=[382.733,339.65,20;
383.829,341.279,21;
386.368,345.426,22;
388.215,350.63,23;
389.819,353.749,24;
391.619,356.522,25;
392.384,357.603,26;
397.182,361.316,27;
400.478,365.751,28;
403.55,371.39,29;
405.249,373.454,30;
408.133,379.855,31;
411.002,383.216,32;
413.585,388.215,33;
415.826,391.308,34;
418.006,394.652,35;
419.415,398.035,36;
426,406.55,37;
427.254,408.438,38;
428.814,410.742,39;
432.511,415.514,40;
436.942,419.332,41;
440.943,424.5,42;
443.476,427.45,43;
447.324,432.344,44;
448.417,433.426,45;
451.065,436.313,46;
459.48,443.569,47;
462.144,446.775,48;
465.898,451.582,49;
441.178,449.285,50;
443.504,451.094,51;
442.951,452.829,52;
449.585,458.673,53;
442.222,453.896,54;
447.982,459.882,55;
429.72,455.564,56;
429.809,456.802,57;
430.138,457.351,58;
429.959,457.92,59;
];
Obj21=[383.829,341.279,21;
386.368,345.426,22;
388.215,350.63,23;
389.819,353.749,24;
391.619,356.522,25;
392.384,357.603,26;
397.182,361.316,27;
400.478,365.751,28;
403.55,371.39,29;
405.249,373.454,30;
408.133,379.855,31;
411.002,383.216,32;
413.585,388.215,33;
415.826,391.308,34;
418.006,394.652,35;
419.415,398.035,36;
426,406.55,37;
427.254,408.438,38;
428.814,410.742,39;
432.511,415.514,40;
436.942,419.332,41;
440.943,424.5,42;
443.476,427.45,43;
447.324,432.344,44;
448.417,433.426,45;
451.065,436.313,46;
459.48,443.569,47;
462.144,446.775,48;
465.898,451.582,49;
441.178,449.285,50;
443.504,451.094,51;
442.951,452.829,52;
449.585,458.673,53;
442.222,453.896,54;
447.982,459.882,55;
429.72,455.564,56;
429.809,456.802,57;
430.138,457.351,58;
429.959,457.92,59;
];
Obj22=[386.368,345.426,22;
388.215,350.63,23;
389.819,353.749,24;
391.619,356.522,25;
392.384,357.603,26;
397.182,361.316,27;
400.478,365.751,28;
403.55,371.39,29;
405.249,373.454,30;
408.133,379.855,31;
411.002,383.216,32;
413.585,388.215,33;
415.826,391.308,34;
418.006,394.652,35;
419.415,398.035,36;
426,406.55,37;
427.254,408.438,38;
428.814,410.742,39;
432.511,415.514,40;
436.942,419.332,41;
440.943,424.5,42;
443.476,427.45,43;
447.324,432.344,44;
448.417,433.426,45;
451.065,436.313,46;
459.48,443.569,47;
462.144,446.775,48;
465.898,451.582,49;
441.178,449.285,50;
443.504,451.094,51;
442.951,452.829,52;
449.585,458.673,53;
442.222,453.896,54;
447.982,459.882,55;
429.72,455.564,56;
429.809,456.802,57;
430.138,457.351,58;
429.959,457.92,59;
];
