Tray0 = [
368.744, 249.842;
368.414, 250.824;
368.825, 248.116;
368.839, 248.341;
377.702, 250.304;
379.712, 252.179;
382.162, 253.81;
382.388, 253.893;
383.797, 254.129;
384.115, 254.142;
384.084, 254.495;
393.947, 256.832;
394.096, 255.806;
393.785, 253.971;
394.302, 254.826;
395.019, 256.146;
395.906, 256.897;
397.393, 258.112;
398.787, 259.788;
400.353, 261.262;
403.565, 259.958;

];Tray1 = [
368.414, 250.824;
368.825, 248.116;
368.839, 248.341;
377.702, 250.304;
379.712, 252.179;
382.162, 253.81;
382.388, 253.893;
383.797, 254.129;
384.115, 254.142;
384.084, 254.495;
393.947, 256.832;
394.096, 255.806;
393.785, 253.971;
394.302, 254.826;
395.019, 256.146;
395.906, 256.897;
397.393, 258.112;
398.787, 259.788;
400.353, 261.262;
403.565, 259.958;

];Tray2 = [

];Tray3 = [
419.231, 271.938;
419.655, 272.1;

];Tray4 = [

];Tray5 = [

];Tray6 = [
419.913, 272.118;

];Tray7 = [

];Tray8 = [

];Tray9 = [
422.073, 273.567;
422.957, 273.976;
424.025, 275.874;
424.524, 275.698;
425.479, 276.596;
427.018, 280.07;
427.647, 281.627;
428.54, 284.4;
424.068, 296.271;
424.856, 297.495;
425.807, 299.01;
426.262, 298.452;

];Tray10 = [

];Tray11 = [
365.557, 308.219;
362.979, 302.841;
357.424, 290.354;

];Tray12 = [

];Tray13 = [

];Tray14 = [
330.651, 315.988;
330.706, 317.356;
330.007, 317.579;
331.606, 321.615;
326.897, 324.507;
326.389, 325.39;
326.193, 326.43;
325.539, 326.502;
326.113, 327.428;
325.849, 328.296;
326.205, 328.639;
326.081, 329.378;
326.416, 329.198;
327.221, 329.72;
327.642, 329.326;
327.732, 329.551;
328.018, 329.192;
328.134, 329.617;
328.113, 330.15;
328.183, 332.384;
329.547, 337.191;
323.437, 338.718;
322.183, 338.994;
321.684, 338.811;
321.747, 339.669;
323.936, 340.812;
323.075, 340.361;
322.909, 339.794;
323.658, 340.945;

];Tray15 = [
330.706, 317.356;
330.007, 317.579;
331.606, 321.615;
326.897, 324.507;
326.389, 325.39;
326.193, 326.43;
325.539, 326.502;
326.113, 327.428;
325.849, 328.296;
326.205, 328.639;
326.081, 329.378;
326.416, 329.198;
327.221, 329.72;
327.642, 329.326;
327.732, 329.551;
328.018, 329.192;
328.134, 329.617;
328.113, 330.15;
328.183, 332.384;
329.547, 337.191;
323.437, 338.718;
322.183, 338.994;
321.684, 338.811;
321.747, 339.669;
323.936, 340.812;
323.075, 340.361;
322.909, 339.794;
323.658, 340.945;

];Tray16 = [
330.007, 317.579;
331.606, 321.615;
326.897, 324.507;
326.389, 325.39;
326.193, 326.43;
325.539, 326.502;
326.113, 327.428;
325.849, 328.296;
326.205, 328.639;
326.081, 329.378;
326.416, 329.198;
327.221, 329.72;
327.642, 329.326;
327.732, 329.551;
328.018, 329.192;
328.134, 329.617;
328.113, 330.15;
328.183, 332.384;
329.547, 337.191;
323.437, 338.718;
322.183, 338.994;
321.684, 338.811;
321.747, 339.669;
323.936, 340.812;
323.075, 340.361;
322.909, 339.794;
323.658, 340.945;

];Tray17 = [
331.606, 321.615;
326.897, 324.507;
326.389, 325.39;
326.193, 326.43;
325.539, 326.502;
326.113, 327.428;
325.849, 328.296;
326.205, 328.639;
326.081, 329.378;
326.416, 329.198;
327.221, 329.72;
327.642, 329.326;
327.732, 329.551;
328.018, 329.192;
328.134, 329.617;
328.113, 330.15;
328.183, 332.384;
329.547, 337.191;
323.437, 338.718;
322.183, 338.994;
321.684, 338.811;
321.747, 339.669;
323.936, 340.812;
323.075, 340.361;
322.909, 339.794;
323.658, 340.945;

];Tray18 = [
326.897, 324.507;
326.389, 325.39;
326.193, 326.43;
325.539, 326.502;
326.113, 327.428;
325.849, 328.296;
326.205, 328.639;
326.081, 329.378;
326.416, 329.198;
327.221, 329.72;
327.642, 329.326;
327.732, 329.551;
328.018, 329.192;
328.134, 329.617;
328.113, 330.15;
328.183, 332.384;
329.547, 337.191;
323.437, 338.718;
322.183, 338.994;
321.684, 338.811;
321.747, 339.669;
323.936, 340.812;
323.075, 340.361;
322.909, 339.794;
323.658, 340.945;

];Tray19 = [
380.787, 336.262;
382.733, 339.65;
383.829, 341.279;

];Tray20 = [
382.733, 339.65;
383.829, 341.279;

];Tray21 = [
383.829, 341.279;

];Tray22 = [

];Tray23 = [
388.215, 350.63;
389.819, 353.749;
391.619, 356.522;
392.384, 357.603;
397.182, 361.316;
400.478, 365.751;
403.55, 371.39;
405.249, 373.454;
408.133, 379.855;
411.002, 383.216;
413.585, 388.215;
415.826, 391.308;
418.006, 394.652;
419.415, 398.035;
426, 406.55;
427.254, 408.438;
428.814, 410.742;
432.511, 415.514;
436.942, 419.332;
440.943, 424.5;
443.476, 427.45;
447.324, 432.344;
448.417, 433.426;
451.065, 436.313;
459.48, 443.569;
462.144, 446.775;
465.898, 451.582;
441.178, 449.285;
443.504, 451.094;
442.951, 452.829;
449.585, 458.673;
442.222, 453.896;
447.982, 459.882;
429.72, 455.564;
429.809, 456.802;
430.138, 457.351;
429.959, 457.92;

];Tray24 = [
389.819, 353.749;
391.619, 356.522;
392.384, 357.603;
397.182, 361.316;
400.478, 365.751;
403.55, 371.39;
405.249, 373.454;
408.133, 379.855;
411.002, 383.216;
413.585, 388.215;
415.826, 391.308;
418.006, 394.652;
419.415, 398.035;
426, 406.55;
427.254, 408.438;
428.814, 410.742;
432.511, 415.514;
436.942, 419.332;
440.943, 424.5;
443.476, 427.45;
447.324, 432.344;
448.417, 433.426;
451.065, 436.313;
459.48, 443.569;
462.144, 446.775;
465.898, 451.582;
441.178, 449.285;
443.504, 451.094;
442.951, 452.829;
449.585, 458.673;
442.222, 453.896;
447.982, 459.882;
429.72, 455.564;
429.809, 456.802;
430.138, 457.351;
429.959, 457.92;

];Tray25 = [
371.222, 373.931;
373.057, 375.061;
373.439, 376.207;
376.035, 378.541;
374.123, 383.376;
373.673, 384.348;
374.055, 385.49;
373.734, 385.956;
373.551, 387.412;
373.776, 387.954;
373.928, 388.509;
374.71, 389.424;
374.796, 389.857;
374.799, 390.829;
375.479, 391.604;
376.093, 392.258;
376.549, 392.241;
376.985, 393.258;
377.245, 393.615;
377.447, 394.338;
377.435, 394.608;
377.401, 395.613;
376.637, 402.518;
374.393, 402.513;
373.898, 402.617;
373.361, 403.059;
374.298, 403.541;
376.32, 405.245;
377.712, 405.912;
376.655, 405.927;

];Tray26 = [
373.057, 375.061;
373.439, 376.207;
376.035, 378.541;
374.123, 383.376;
373.673, 384.348;
374.055, 385.49;
373.734, 385.956;
373.551, 387.412;
373.776, 387.954;
373.928, 388.509;
374.71, 389.424;
374.796, 389.857;
374.799, 390.829;
375.479, 391.604;
376.093, 392.258;
376.549, 392.241;
376.985, 393.258;
377.245, 393.615;
377.447, 394.338;
377.435, 394.608;
377.401, 395.613;
376.637, 402.518;
374.393, 402.513;
373.898, 402.617;
373.361, 403.059;
374.298, 403.541;
376.32, 405.245;
377.712, 405.912;
376.655, 405.927;

];Tray27 = [
373.439, 376.207;
376.035, 378.541;
374.123, 383.376;
373.673, 384.348;
374.055, 385.49;
373.734, 385.956;
373.551, 387.412;
373.776, 387.954;
373.928, 388.509;
374.71, 389.424;
374.796, 389.857;
374.799, 390.829;
375.479, 391.604;
376.093, 392.258;
376.549, 392.241;
376.985, 393.258;
377.245, 393.615;
377.447, 394.338;
377.435, 394.608;
377.401, 395.613;
376.637, 402.518;
374.393, 402.513;
373.898, 402.617;
373.361, 403.059;
374.298, 403.541;
376.32, 405.245;
377.712, 405.912;
376.655, 405.927;

];Tray28 = [
376.035, 378.541;
374.123, 383.376;
373.673, 384.348;
374.055, 385.49;
373.734, 385.956;
373.551, 387.412;
373.776, 387.954;
373.928, 388.509;
374.71, 389.424;
374.796, 389.857;
374.799, 390.829;
375.479, 391.604;
376.093, 392.258;
376.549, 392.241;
376.985, 393.258;
377.245, 393.615;
377.447, 394.338;
377.435, 394.608;
377.401, 395.613;
376.637, 402.518;
374.393, 402.513;
373.898, 402.617;
373.361, 403.059;
374.298, 403.541;
376.32, 405.245;
377.712, 405.912;
376.655, 405.927;

];Tray29 = [
374.123, 383.376;
373.673, 384.348;
374.055, 385.49;
373.734, 385.956;
373.551, 387.412;
373.776, 387.954;
373.928, 388.509;
374.71, 389.424;
374.796, 389.857;
374.799, 390.829;
375.479, 391.604;
376.093, 392.258;
376.549, 392.241;
376.985, 393.258;
377.245, 393.615;
377.447, 394.338;
377.435, 394.608;
377.401, 395.613;
376.637, 402.518;
374.393, 402.513;
373.898, 402.617;
373.361, 403.059;
374.298, 403.541;
376.32, 405.245;
377.712, 405.912;
376.655, 405.927;

];Tray30 = [
373.673, 384.348;
374.055, 385.49;
373.734, 385.956;
373.551, 387.412;
373.776, 387.954;
373.928, 388.509;
374.71, 389.424;
374.796, 389.857;
374.799, 390.829;
375.479, 391.604;
376.093, 392.258;
376.549, 392.241;
