pF = [0.79533;0.606173;0.0022396]
