F006 = [-0.268513, 0.504748, 0.028749
0.191742, -0.773189, -0.040214
0.251608, -0.025777, -0.089887
-0.253299, -0.355512, 0.079581
0.086477, 0.994142, -0.003003
0.259363, 0.489751, 0.056857
-0.094465, 0.085047, 0.251822
-0.176981, 0.108850, -0.201358
0.053866, -0.400001, -0.261425
0.191017, -0.377503, 0.192304
-0.209322, -0.712419, -0.132264
0.010486, 0.472482, -0.267750
-0.068007, -0.681765, 0.255500
-0.006919, 0.662609, 0.205087
0.204906, 0.188886, 0.171600
-0.082201, 0.736906, -0.100355
-0.183222, -0.198961, -0.184696
0.216354, 0.274894, -0.154204
-0.045273, -0.207392, 0.253629
-0.096567, 0.384520, 0.251514
-0.264322, -0.033635, 0.042834
0.260654, -0.472634, -0.070744
0.037098, -0.685641, -0.257826
0.205748, -0.103029, 0.167795
-0.250678, 0.236856, 0.081777
0.034038, -0.049758, -0.264348
0.198627, -0.643851, 0.189835
0.171610, 0.639284, -0.140481
-0.191520, -0.456668, -0.167741
-0.209609, 0.357760, -0.167310
-0.249800, -0.608646, 0.099118
-0.058533, -0.795457, 0.043479
-0.091849, -0.443544, 0.248889
0.210479, -0.248235, -0.165846
0.015228, 0.229750, -0.256829
0.128725, 0.440023, 0.236263
-0.057120, 0.854246, 0.092644
0.164851, 0.683293, 0.070764
-0.170733, 0.562680, -0.199742
-0.172181, 0.678794, 0.077344
0.267572, -0.259937, 0.028979
0.155266, 0.099782, -0.216915
0.043059, 0.248948, 0.265167
0.092723, 0.037022, 0.240929
-0.212836, -0.179836, 0.161768
0.201042, -0.615720, -0.188411
0.266631, 0.158033, -0.012238
0.233407, 0.457877, -0.129456
-0.092405, 0.973963, -0.043864
-0.187289, 0.533120, 0.194230
-0.012984, -0.229763, -0.266321
0.078332, 0.807974, -0.028247
0.274631, -0.626452, 0.024690
0.054147, -0.548187, 0.264534
0.079362, -0.777530, 0.156530
0.023576, -0.788824, -0.114498
-0.260982, -0.196530, -0.023893
-0.063273, -0.530394, -0.260000
0.018628, 0.641496, -0.220527
0.252230, 0.317087, 0.049221
-0.233002, -0.044253, -0.132545
-0.263997, 0.109822, -0.045017
0.114607, -0.238636, 0.243900
-0.223540, 0.090884, 0.148848
-0.262875, -0.510149, -0.032452
-0.216580, -0.749450, 0.030039
-0.148983, 0.229795, 0.212528
0.252876, 0.026624, 0.087793
-0.225298, 0.377971, 0.148369
0.252978, -0.487780, 0.095701
-0.020931, 0.520579, 0.268710
-0.269199, 0.353603, -0.020029
-0.120355, -0.062784, -0.238601
-0.114673, -0.067864, 0.232734
0.116657, 0.362739, -0.238958
0.138711, 0.592518, 0.208855
-0.216600, 0.637387, -0.071858
0.164837, -0.097788, -0.196849
0.048365, -0.380929, 0.265027
-0.242985, -0.338464, -0.080737
0.193177, -0.398153, -0.188128
-0.158675, -0.311983, 0.215363
-0.112959, -0.343641, -0.230524
-0.033664, 0.088057, -0.264371
-0.112654, -0.668969, -0.239731
0.266609, -0.111193, 0.030312
-0.129564, 0.244977, -0.236201
-0.209192, -0.483812, 0.164735
0.082079, -0.545266, -0.256287
0.057770, -0.104487, 0.262639
-0.175295, -0.724253, 0.166964
-0.030306, 0.995409, 0.083142
-0.224343, 0.221425, -0.129280
-0.094076, 0.381358, -0.250075
0.146169, 0.512068, -0.222768
0.245990, 0.593968, -0.032828
0.021300, 0.914661, -0.094365
0.138834, -0.747927, -0.175043
0.200334, 0.341511, 0.176278
-0.246493, 0.473587, -0.108183
0.039678, 0.760119, 0.097516
0.066971, -0.684800, 0.256462
0.222482, -0.234662, 0.152599
0.171159, -0.508473, 0.209054
-0.104052, -0.785550, -0.082954
0.208590, -0.740699, 0.101607
0.071185, -0.794811, 0.007297
-0.157053, -0.593876, 0.218007
0.063194, 0.722718, -0.125592
-0.120684, 0.837899, -0.028569
0.111445, -0.279609, -0.242631
-0.264947, -0.638656, -0.042361
0.243852, -0.341320, -0.085519
-0.194250, -0.583221, -0.179008
0.239202, 0.094910, -0.120721
0.056993, 0.905724, 0.077458
0.249023, -0.148275, -0.098223
0.258141, 0.351335, -0.067956
0.252823, -0.667924, -0.091722
0.266959, -0.381025, 0.036648
-0.214748, -0.059854, 0.159944
-0.039336, -0.779734, 0.160394
0.081687, -0.158193, -0.255651
-0.095745, 0.653696, -0.189665
0.129890, 0.243244, -0.233305
-0.012384, -0.006531, 0.269768
-0.120525, 0.652019, 0.179508
0.206858, 0.492066, 0.167278
-0.063065, -0.766592, -0.189783
0.190628, 0.055033, 0.182012
0.013997, 0.124719, 0.257792
0.016309, 0.400082, 0.261867
-0.077582, 0.733061, 0.110793
-0.052625, -0.329500, 0.254981
0.214908, 0.596758, 0.125980
0.119862, 0.164016, 0.241061
-0.236410, 0.581223, 0.104882
-0.058159, -0.556615, 0.254415
0.153764, 0.700640, -0.049675
0.181162, -0.507527, -0.198302
-0.068927, 0.546529, -0.257000
0.013874, 0.340543, -0.267298
0.105231, 0.333229, 0.237783
-0.249140, -0.463567, 0.063822
-0.258819, -0.136773, 0.071096
0.195731, 0.003842, -0.184466
-0.180203, 0.454784, -0.200326
0.089922, 0.678607, 0.163501
-0.259576, 0.233191, -0.024184
-0.066241, 0.275150, 0.261386
-0.133173, 0.736172, -0.003448
-0.038362, -0.127750, -0.263739
0.254922, 0.210891, 0.081850
-0.258664, -0.242722, 0.070132
0.061381, 0.131180, -0.249284
0.261139, 0.055571, -0.023516
-0.197932, -0.354000, -0.171982
-0.240569, -0.150465, -0.114367
-0.044470, 0.832587, -0.099674
-0.052021, -0.418919, -0.262122
-0.263507, 0.108429, 0.057409
0.197705, 0.372881, -0.179244
0.263374, 0.255235, -0.038804
0.235128, -0.563123, -0.110376
-0.140560, -0.181396, 0.230566
0.247312, -0.589254, 0.113046
0.101382, 0.021000, -0.246487
0.137761, -0.054925, 0.231574
0.200996, 0.176849, -0.176035
0.122905, -0.640102, -0.242460
-0.113283, -0.237692, -0.241446
-0.160851, 0.023104, 0.214913
-0.263554, 0.009037, -0.044598
0.083082, 0.523870, 0.254157
-0.172662, 0.435604, 0.206034
0.064231, 0.562304, -0.253047
0.241902, 0.400036, 0.097982
-0.095718, 0.574585, 0.241622
-0.228656, 0.051497, -0.127697
-0.162050, 0.324050, 0.201486
-0.254785, 0.406410, 0.061796
0.236459, 0.120072, 0.105651
0.258330, 0.493758, -0.044568
-0.008117, -0.325023, -0.262516
0.126472, -0.429999, 0.239748
-0.240971, -0.245787, -0.112391
-0.253317, -0.097045, -0.027486
-0.221449, -0.279636, 0.149223
0.139995, -0.721061, 0.202632
0.123789, -0.609590, 0.245437
0.005643, -0.465286, 0.260436
-0.267424, -0.392622, -0.007587
-0.123306, -0.779411, 0.111635
0.246379, -0.313929, 0.108519
0.234847, 0.552440, -0.116089
-0.243450, 0.488984, 0.119313
0.272024, -0.534148, 0.009646
-0.213734, -0.384148, 0.159150
-0.096700, 0.915742, 0.034815
-0.175754, 0.015741, -0.201896
-0.245674, 0.609710, 0.012086
-0.077937, 0.170718, -0.255824
-0.258276, 0.555287, -0.064519
0.034850, -0.761111, -0.205023
0.257971, 0.407550, 0.004646
-0.022652, -0.611670, -0.269188
0.081242, 0.898318, -0.016790
-0.033201, -0.105035, 0.265365
0.260667, -0.253388, -0.069184
0.107500, 0.750304, 0.035674
0.111251, -0.783586, -0.091439
0.021937, -0.795048, 0.084962
0.253827, -0.708622, -0.010859
-0.215579, 0.197301, 0.160543
0.028825, -0.292127, 0.267009
-0.182050, -0.101463, -0.185060
0.145351, 0.253336, 0.224905
-0.017614, 0.700526, -0.162744
0.127579, -0.782472, 0.080834
0.250067, -0.168561, 0.098594
0.122251, -0.334995, 0.229959
0.147975, -0.203626, -0.210846
-0.240159, -0.549389, -0.110757
0.141572, -0.155353, 0.229186
-0.155813, 0.129738, 0.205896
-0.097108, 0.478668, 0.251470
-0.010847, -0.795228, -0.031017
0.042359, -0.192216, 0.264905
-0.248587, -0.443802, -0.088954
0.112197, -0.458911, -0.231058
0.011847, -0.485184, -0.268167
-0.083357, 0.188901, 0.256996
-0.134078, -0.429089, -0.230455
-0.062800, 0.297715, -0.261468
-0.064885, 0.001074, -0.260475
-0.255173, 0.294082, -0.086680
-0.149904, 0.671492, -0.123580
0.022470, 0.594080, 0.250304
0.116642, 0.615343, -0.208678
-0.267014, -0.289830, -0.013416
0.018249, -0.747958, 0.223178
-0.008953, 0.995489, -0.089724
0.095613, 0.447391, -0.248165
0.245183, 0.202484, -0.103710
-0.241972, 0.008950, 0.116956
-0.233330, -0.692140, 0.107525
0.238957, -0.402680, 0.126163
0.245367, -0.056037, 0.107857
0.107352, 0.841460, 0.044406
-0.139949, -0.784117, 0.017696
-0.131629, -0.152053, -0.233276
-0.251320, 0.386331, -0.096373
-0.257385, -0.579003, 0.019894
0.267720, -0.180984, -0.018033
-0.125087, -0.581682, -0.232660
0.269652, -0.029615, 0.007679
0.201574, -0.737377, -0.119686
-0.237601, -0.717979, -0.049695
0.224199, 0.630309, 0.043133
0.041299, 0.834523, -0.109816
-0.145931, -0.731326, -0.183141
