pF = [0.394965;0.918692;0.00278753]
pFPix = [141;329;1]
