pF = [0.942679;0.333698;0.00140511]
pFPix = [670;237;1]
