pF = [0.787965;0.615716;0.00238806]
pFPix = [329;257;1]
