<?xml version="1.0"?>
<opencv_storage>
<calibration_Time>"jue 10 mar 2022 21:01:53 CST"</calibration_Time>
<nrOfFrames>26</nrOfFrames>
<image_Width>640</image_Width>
<image_Height>480</image_Height>
<board_Width>4</board_Width>
<board_Height>3</board_Height>
<square_Size>4.3680000305175781e+00</square_Size>
<FixAspectRatio>1.</FixAspectRatio>
<!-- flags:  +fix_aspectRatio -->
<flagValue>2</flagValue>
<Camera_Matrix type_id="opencv-matrix">
  <rows>3</rows>
  <cols>3</cols>
  <dt>d</dt>
  <data>
    1.6056675485857024e+03 0. 1.0243373402495074e+02 0.
    1.6056675485857024e+03 6.4861845875965082e+02 0. 0. 1.</data></Camera_Matrix>
<Distortion_Coefficients type_id="opencv-matrix">
  <rows>5</rows>
  <cols>1</cols>
  <dt>d</dt>
  <data>
    -5.4994654011200383e-01 -4.0584456744614222e-01
    -4.4257323708624133e-02 1.7639769606300308e-02
    2.6012586384839294e+00</data></Distortion_Coefficients>
<Avg_Reprojection_Error>8.3327071452468804e-01</Avg_Reprojection_Error>
<Per_View_Reprojection_Errors type_id="opencv-matrix">
  <rows>26</rows>
  <cols>1</cols>
  <dt>f</dt>
  <data>
    8.25331330e-01 4.66060251e-01 4.64661777e-01 8.90572846e-01
    9.18178141e-01 1.76449621e+00 7.43451834e-01 1.09551048e+00
    4.56531912e-01 5.02456546e-01 1.88161552e+00 5.08084178e-01
    9.54088330e-01 4.72543687e-01 4.39296812e-01 8.14552665e-01
    8.04927647e-01 4.74102587e-01 8.75228703e-01 6.87196136e-01
    7.82886207e-01 4.90717828e-01 6.50951564e-01 5.33663929e-01
    5.14158189e-01 4.98940706e-01</data></Per_View_Reprojection_Errors>
<!-- a set of 6-tuples (rotation vector + translation vector) for each view -->
<Extrinsic_Parameters type_id="opencv-matrix">
  <rows>26</rows>
  <cols>6</cols>
  <dt>d</dt>
  <data>
    -7.4132450902381275e-01 1.3640283420661711e-01
    6.7912658205502252e-01 6.8942969420826792e+00
    -2.1748398737146079e+01 7.1229189477788452e+01
    -3.2982270090835941e-01 2.8292609287631915e-01
    1.8110074404113843e-01 3.6639669518858282e+00
    -2.5012897934956722e+01 7.0074496952841983e+01
    -3.9637315118431604e-01 1.4534722224254892e-01
    2.0651628015230847e-01 4.1729530390219338e+00
    -2.3306178086885733e+01 7.1572520872505464e+01
    -7.6206756912608486e-01 2.1884209845010077e-01
    7.5285169949054376e-01 6.6798825833375712e+00
    -2.4147144771136627e+01 7.0136343103478481e+01
    -7.4499636503822864e-01 1.2274099987774123e-01
    6.9024463708431649e-01 8.7960225246023178e+00
    -2.7570470442932550e+01 7.6265714008320487e+01
    -7.0735034290762855e-01 -1.1256160224932339e-01
    4.4504689328020965e-02 1.9247284029397280e+00
    -2.0715445052380375e+01 6.2129545234502487e+01
    -7.4689145265868928e-01 1.2562647926428147e-01
    6.8658243008811715e-01 5.7115261123151884e+00
    -2.1162260476931763e+01 7.2369622918852585e+01
    -5.8976427649120566e-01 -4.2209172195909850e-01
    -8.8963370675864928e-01 2.0881083574825019e+00
    -1.6698079486842893e+01 6.3423340105981048e+01
    -4.1810056312474725e-01 1.3536397414283308e-01
    2.0718341291042580e-01 3.7750745238520609e+00
    -2.3391986192381733e+01 7.1686137439828286e+01
    -3.2714965075896851e-01 2.8203604625491119e-01
    1.8145101169950603e-01 3.2396262739552082e+00
    -2.5394957363122092e+01 6.9545282616759607e+01
    -7.0681092583673033e-01 -1.1180238464581524e-01
    4.4937311788483779e-02 1.9579883759972339e+00
    -2.0746342130438894e+01 6.2119816595472912e+01
    -4.3487176243196057e-01 1.5016609658731386e-01
    2.1083439949337779e-01 5.5364941966206018e+00
    -2.1535904563126596e+01 6.9804414915202670e+01
    3.3880452987480220e-01 -6.4843883726330598e-02
    1.5257752662031647e+00 1.3430714033044566e+01
    -2.5891142620449305e+01 7.3769364282852706e+01
    -4.2010287962857024e-01 1.3955578870666885e-01
    2.0870861896604248e-01 4.0169393006831013e+00
    -2.3064211062935694e+01 7.0911040357699932e+01
    -4.1055611523913016e-01 1.3512600326539639e-01
    2.0787293320853620e-01 3.4577841945975361e+00
    -2.4330011693779497e+01 7.2057132479809255e+01
    -7.6264804870462033e-01 1.3060343387222725e-01
    6.9551171443802273e-01 4.3827823389791991e+00
    -2.4185752910606393e+01 7.3983399490437563e+01
    -6.8944091100265692e-01 -1.1344187935028499e-01
    8.1367489292932055e-02 6.7688634281723481e-01
    -2.4212572915733958e+01 6.4366924685709606e+01
    -3.2983107437796660e-01 2.8173971544749860e-01
    1.8141933671741831e-01 3.6616002746873875e+00
    -2.4788076824996580e+01 7.0416789694771353e+01
    -7.5992901182158890e-01 2.1758683990981684e-01
    7.5228581663375926e-01 6.5198393654263453e+00
    -2.4431839786892510e+01 7.0103922609187777e+01
    -7.5366995207509579e-01 8.5460613521626566e-02
    7.6744164005216789e-02 6.1834398906799377e+00
    -2.0615793820737892e+01 7.8603363235798071e+01
    -9.5457228869074084e-01 -4.2390890622812705e-02
    1.5205811498156241e-01 6.2469105136233587e+00
    -1.7223927502289964e+01 7.5703783903966283e+01
    -3.2858317990203989e-01 2.8313678269236348e-01
    1.8175943645800388e-01 3.9003383888768788e+00
    -2.4861277332972055e+01 7.0112586062011161e+01
    -8.2753868553850196e-01 7.0565036665514641e-02
    1.0954759666278337e-01 4.2262734698325248e+00
    -1.8183876856656170e+01 7.4553228819944650e+01
    -3.4771867763320052e-01 -3.6830101168742982e-02
    9.8759553963013322e-02 3.8946459363204267e+00
    -2.1629603114621599e+01 6.4713907320599986e+01
    -3.2844426881252953e-01 2.8372130111980376e-01
    1.8252714341520360e-01 3.9415288213920383e+00
    -2.4740374511873465e+01 6.9277972060129130e+01
    -4.0998341214884026e-01 1.4517698177679050e-01
    2.2106514186782975e-01 4.4818575938517160e+00
    -2.5610767399900851e+01 7.5777640461336816e+01</data></Extrinsic_Parameters>
