<?xml version="1.0"?>
<opencv_storage>
<calibration_Time>"mié 16 mar 2022 20:18:13 CST"</calibration_Time>
<nrOfFrames>30</nrOfFrames>
<image_Width>640</image_Width>
<image_Height>480</image_Height>
<board_Width>4</board_Width>
<board_Height>3</board_Height>
<square_Size>2.5799999237060547e+00</square_Size>
<FixAspectRatio>1.</FixAspectRatio>
<!-- flags:  +fix_aspectRatio -->
<flagValue>2</flagValue>
<Camera_Matrix type_id="opencv-matrix">
  <rows>3</rows>
  <cols>3</cols>
  <dt>d</dt>
  <data>
    1.7429508968127247e+03 0. 3.5372742492811011e+02 0.
    1.7429508968127247e+03 2.3339590224051369e+02 0. 0. 1.</data></Camera_Matrix>
<Distortion_Coefficients type_id="opencv-matrix">
  <rows>5</rows>
  <cols>1</cols>
  <dt>d</dt>
  <data>
    -6.1193485974492701e-01 3.8090655346413293e+01
    6.8801239245149118e-03 -8.1409666335122630e-03
    -1.1900012875141379e+03</data></Distortion_Coefficients>
<Avg_Reprojection_Error>3.8921431198304596e-01</Avg_Reprojection_Error>
<Per_View_Reprojection_Errors type_id="opencv-matrix">
  <rows>30</rows>
  <cols>1</cols>
  <dt>f</dt>
  <data>
    4.18359876e-01 3.91047508e-01 3.80672604e-01 4.13139969e-01
    3.70653838e-01 3.22380930e-01 2.87175655e-01 3.87241393e-01
    3.08822155e-01 3.71969312e-01 4.45871443e-01 3.81549478e-01
    4.14386243e-01 3.96510810e-01 2.72330344e-01 2.86166012e-01
    4.01993454e-01 4.14900929e-01 4.37105358e-01 4.29968625e-01
    3.98386568e-01 4.94971067e-01 4.05641824e-01 4.28984463e-01
    3.13446701e-01 3.67683411e-01 3.88752460e-01 4.15556908e-01
    4.37259614e-01 3.92225206e-01</data></Per_View_Reprojection_Errors>
<!-- a set of 6-tuples (rotation vector + translation vector) for each view -->
<Extrinsic_Parameters type_id="opencv-matrix">
  <rows>30</rows>
  <cols>6</cols>
  <dt>d</dt>
  <data>
    5.8315535819055464e-02 -1.4290572712030389e+00
    -2.3234256979661647e+00 -1.8586506174320019e+00
    8.2614642624634271e+00 7.4131335190278264e+01 1.7199448941115688e-02
    -1.4214983939626142e+00 -2.2745344938244729e+00
    -1.9459727753558240e+00 -2.3301328425884837e+00
    7.2593770463140444e+01 9.1983943990475589e-02
    -1.4518293512061806e+00 -2.3573914297080449e+00
    5.8879225821714254e+00 -2.4366180484511779e-01
    7.2969726750405528e+01 6.0741751774132366e-02
    -1.4263227276226511e+00 -2.3274928272263553e+00
    -2.7601500796612579e+00 7.6581213694434016e+00
    7.4875545575641411e+01 3.5869688503442654e-01
    -1.5664171528212185e+00 -2.5842080264493226e+00
    8.2640972634371863e+00 6.6691189259266421e+00 7.4196372607013316e+01
    -5.3791879524506947e-01 6.8193538794982222e-01
    1.7105565942569130e+00 3.0043231650732932e-01
    -1.7784047630616124e+00 7.7069115439117823e+01
    -7.2955953504470794e-01 8.3536514726240008e-01
    1.6291310422475449e+00 1.5226719881069655e+00
    -5.9216712751127396e+00 7.4415761259728683e+01
    -3.8214883605018685e-01 -1.0615010120838302e+00
    -2.0626445818959072e+00 2.2447914410116270e+00
    4.4476848938443796e+00 7.2433615759157561e+01
    -5.4987608779709818e-01 6.8528305962400171e-01
    1.7072136165065273e+00 7.2372289579779432e+00
    -2.2637926074655566e+00 7.6371311852529161e+01
    -2.6391474968609152e-01 3.5977823738715747e-01
    1.9309357007189256e+00 4.7355103491489778e+00
    -3.8425654688110287e+00 7.4756224820350042e+01
    -4.0886166090043341e-01 -1.0138130492098878e+00
    -2.0853600304281756e+00 -5.9572901917219108e+00
    -1.3344003001259810e-01 7.4464136141215533e+01
    3.9542143952027115e-01 -1.5758138078621224e+00
    -2.6143543516354804e+00 -2.8860277875408742e+00
    4.4209688687771846e+00 7.2711090235360302e+01
    -2.5016909458734199e-01 8.7548646472417405e-02
    3.0206258959493972e+00 8.3050335194903724e+00 5.4330358889573134e+00
    7.8136641691041518e+01 -6.8970398138551048e-01
    -9.4349810991028105e-01 -1.1819549868689219e+00
    -6.0913817076440484e+00 6.5180249882661840e+00
    7.2168421881216346e+01 -5.2901185286124508e-01
    6.5161987357289852e-01 1.7268755181341990e+00 4.9300379889996515e+00
    -3.6263713634557173e+00 8.2395301617378834e+01
    -7.5717042814944535e-01 8.3763139008096243e-01
    1.6207187815994766e+00 1.2509164958668333e+00
    -3.0636904520284602e+00 7.5235025094475006e+01
    -3.6275318843916887e-01 8.0424160088124419e-02
    3.0962261241995881e+00 -3.3550350055294293e+00
    4.0762183553588658e+00 7.7255154821446283e+01
    -2.9984866814855621e-01 4.3703636498730755e-02
    3.0274671924642060e+00 2.3665116601315010e+00
    -2.3894287685060311e-01 7.8035002091472151e+01
    7.2707374317783494e-03 -9.6570880969551598e-01
    -2.5951982327317973e+00 -1.1633972120655209e+00
    1.5183625887475551e+00 7.0238674560309775e+01
    -3.3858411017389550e-01 2.8914153954959696e-02
    3.0376080579420139e+00 -1.9926082933128000e+00
    -1.2055012869098034e+00 7.7637869355878095e+01
    1.5294799129777506e-01 9.8964377200499387e-02 3.0897398347858068e-01
    -3.0043868798733464e+00 1.2062763586814035e-01
    7.7366487474290025e+01 -3.5046026710485467e-01
    -1.0854541928977897e+00 -2.0814930254240176e+00
    -3.1930774973563039e+00 5.8772794860561870e+00
    6.7243650445471275e+01 3.5614616789722858e-01
    -1.5639563081723926e+00 -2.5847570296179949e+00
    1.1846350045206440e-01 4.2292474033061076e+00 7.4858040761105300e+01
    -2.4232736192364629e-01 3.8327511792463742e-02
    3.0306250687609166e+00 1.0073244109605159e+01
    -1.2814785202730483e+00 7.8764371280799679e+01
    -7.9271773026704417e-01 8.9197002876109366e-01
    1.6239782920622339e+00 1.4646693668040636e+00
    -4.6896380216606497e+00 7.4216121771899438e+01
    -2.5892586344141438e-01 3.9980027124118894e-01
    1.9548467730987020e+00 5.8551322919239601e-01
    -5.6333582519787520e+00 7.7584413826671536e+01
    -4.2123346502388770e-01 -9.9569791312216283e-01
    -2.0966391193239122e+00 5.2145006375107332e+00
    3.5985562822301040e+00 7.2897645899999375e+01
    -3.1814292807049555e-01 2.5068618451031788e-01
    1.8562051218004905e+00 7.0759720131832706e+00
    -2.5168417626173500e+00 7.2248278107191055e+01
    -3.1454557753511564e-01 1.1911132688272688e-01
    3.1158197116229758e+00 3.7338982151109901e-01 6.9418739938805709e+00
    7.7468613295903111e+01 -4.1056480689463626e-01
    2.7494597140175370e-01 1.8356852680183640e+00
    -2.0687928773006856e+00 -3.1251258331880432e+00
    7.3934509666701572e+01</data></Extrinsic_Parameters>
