<?xml version="1.0"?>
<opencv_storage>
<calibration_Time>"mié 16 mar 2022 20:41:18 CST"</calibration_Time>
<nrOfFrames>20</nrOfFrames>
<image_Width>640</image_Width>
<image_Height>480</image_Height>
<board_Width>4</board_Width>
<board_Height>3</board_Height>
<square_Size>3.6800000667572021e+00</square_Size>
<FixAspectRatio>1.</FixAspectRatio>
<!-- flags:  +fix_aspectRatio -->
<flagValue>2</flagValue>
<Camera_Matrix type_id="opencv-matrix">
  <rows>3</rows>
  <cols>3</cols>
  <dt>d</dt>
  <data>
    1.6613663135835038e+03 0. 4.5854846249131793e+02 0.
    1.6613663135835038e+03 2.2701536240158089e+02 0. 0. 1.</data></Camera_Matrix>
<Distortion_Coefficients type_id="opencv-matrix">
  <rows>5</rows>
  <cols>1</cols>
  <dt>d</dt>
  <data>
    -6.8704159236941820e-01 3.3882440605135429e+01
    -1.4318211427390461e-02 3.4479184729568881e-02
    -4.8685343168424862e+02</data></Distortion_Coefficients>
<Avg_Reprojection_Error>6.1737684948953242e-01</Avg_Reprojection_Error>
<Per_View_Reprojection_Errors type_id="opencv-matrix">
  <rows>20</rows>
  <cols>1</cols>
  <dt>f</dt>
  <data>
    3.37933630e-01 3.51911038e-01 6.02246344e-01 4.25128549e-01
    5.25158405e-01 3.50857288e-01 3.43737453e-01 3.60275775e-01
    4.17611688e-01 5.10995388e-01 1.44452667e+00 4.06525910e-01
    4.62200075e-01 4.18848693e-01 1.56215227e+00 3.76989663e-01
    3.89728725e-01 3.97029608e-01 3.76790226e-01 2.90395319e-01</data></Per_View_Reprojection_Errors>
<!-- a set of 6-tuples (rotation vector + translation vector) for each view -->
<Extrinsic_Parameters type_id="opencv-matrix">
  <rows>20</rows>
  <cols>6</cols>
  <dt>d</dt>
  <data>
    -1.1036365264768193e+00 -8.9585175808112816e-02
    -8.4486841732419771e-02 -1.3695965168086115e+01
    -3.2294822426096501e+00 7.2688581216507970e+01
    -1.0797014391932680e+00 -9.0234568025543013e-02
    -8.5497047769333021e-02 -1.3660870378681416e+01
    -2.7460504166640791e+00 7.2878219263192733e+01
    -9.5336968092322361e-01 2.8219528664504140e-01
    6.0020691926730796e-01 -9.4814733728239204e+00
    -1.4198940397065403e+00 7.3552614579278028e+01
    -4.8764904060352270e-02 1.6075804019305784e+00
    -2.4854835755779496e+00 -4.1276207853759832e+00
    2.1845385499924563e+00 7.5907648545202079e+01
    -5.7929358681610565e-01 -9.3206536847166166e-01
    -1.0813661632944243e+00 -1.1178986787261479e+01
    2.2709789176701269e+00 6.5342519644331588e+01
    -1.0974188680693793e+00 -3.5241784707677207e-02
    3.3581003681299987e-02 -1.2371895808858227e+01
    -4.9251920305540651e+00 7.4031107031195447e+01
    -9.5612832783235668e-01 -1.1477150455681563e-01
    -1.1463575456026452e-01 -1.2142948144886157e+01
    -6.4061318853259530e-01 7.1696219354550408e+01
    -1.0562811992346917e+00 -3.8957843140754657e-02
    2.7193251027044563e-02 -1.2083526636489824e+01
    -3.9163417208061890e+00 7.3857720764698072e+01
    -1.1211883939775471e+00 7.9979026943197612e-02
    3.0364670115385572e-01 -8.8611293766429551e+00
    -6.2772474115706718e+00 7.5380912920584564e+01
    -4.4419171194099223e-02 1.5880129396260658e+00
    -2.5186295794845783e+00 -4.2444885846790292e+00
    -1.1388750225706983e+00 7.7698593983013936e+01
    4.2395764805082214e-01 6.8626674362926576e-01 7.6537143049169143e-01
    -1.4241882757997192e+01 -6.3954357427892168e+00
    8.2331564868297249e+01 -5.1345877533767549e-02
    -1.1602290469926871e-01 -3.8459186001503637e-01
    -1.5816794717223948e+01 -6.3381094507014721e-02
    7.6781650303017955e+01 -2.5364510239209437e-02
    1.6331171467835861e+00 -2.4785378798193056e+00
    1.3002008195336903e+00 6.6605477140691800e+00 7.4130195923566774e+01
    -5.2883787594504392e-02 -1.7911940902557236e-01
    -3.8009757702787289e-01 -1.0020212289868493e+01
    -6.3201288275277223e-01 7.6306561411338151e+01
    4.6548484934833723e-01 6.6816600231323797e-01 7.3837609765696943e-01
    -1.5221604285539065e+01 -5.3769655936543179e+00
    8.0966125654530842e+01 -5.7402562174333427e-01
    -9.4538760812650202e-01 -1.0925389889537835e+00
    -8.9372284680241876e+00 -1.4962056296661044e-01
    6.6239092010551346e+01 -4.8848742008403101e-01
    -8.0996693529301311e-01 -3.7706999892181298e-01
    -1.5441746009863715e+01 1.5172464224852675e+00
    7.2933141535147001e+01 -5.6428608982051731e-01
    -9.0839459860425031e-01 -1.1462618263735513e+00
    -6.5417846667457997e+00 3.3220342638647713e+00
    6.6732404376496589e+01 -4.8789394974578970e-01
    -8.0933769847735060e-01 -3.6715811190323555e-01
    -1.5341390670186355e+01 9.1951073948217366e-01
    7.3308342738914050e+01 -9.4966124486832537e-01
    -1.2779897704411647e-01 3.8497407261815036e-01
    -1.2091684942256874e+01 -8.2173621870993874e-01
    7.8248378883975249e+01</data></Extrinsic_Parameters>
