pF = [0.924321;0.381608;0.00232357]
pFPix = [397;164;1]
